,y_actual,y_predict
0,0.0750000029802322,-4.4401077928401484
1,0.0755209997296333,-4.190593261636404
2,0.0739580020308494,-4.025034299925356
3,0.0708329975605011,-3.830283056764085
4,0.0770829990506172,-3.665492462839236
5,0.0828130021691322,-3.5723358409581603
6,0.0843750014901161,-3.587699020770235
7,0.0791670009493827,-3.8033374159061135
8,0.0770829990506172,-3.759978543212043
9,0.0802080035209655,-3.850106110465613
10,0.0791670009493827,-3.7824563379851526
11,0.078645996749401,-3.7220305134313514
12,0.0752599984407424,-3.639984094925209
13,0.0755209997296333,-3.5144178413033824
14,0.0755209997296333,-3.5932727242469924
15,0.0763019993901252,-3.6484179184124477
16,0.0750000029802322,-3.584205301038823
17,0.0755209997296333,-3.6381930083563945
18,0.0755209997296333,-3.624849071753206
19,0.0755209997296333,-3.5628629746691316
20,0.0744789987802505,-3.5349739573542913
21,0.0770829990506172,-3.601221762327623
22,0.0757810026407241,-3.571706417149111
23,0.079426996409893,-3.607389963804966
24,0.0955730006098747,-3.5514562815506108
25,0.1000000014901161,-3.4261690547681396
26,0.1151039972901344,-3.7245185976560253
27,0.1161459982395172,-3.7563827034537103
28,0.1281249970197677,-4.118115375764212
29,0.11458300054073328,-4.185158122508442
30,0.1067709997296333,-4.159816411441323
31,0.12187500298023221,-4.278725502267317
32,0.1166670024394989,-4.0956254328838115
33,0.1109379976987838,-4.165787585803529
34,0.1078130006790161,-4.046970744667281
35,0.1091149970889091,-3.9522367669800533
36,0.1067709997296333,-3.8037185627723895
37,0.11458300054073328,-3.6501543384984503
38,0.11302100121974941,-3.5440869359648044
39,0.11145800352096552,-3.577717452488368
40,0.1161459982395172,-3.5737507158292865
41,0.1239579990506172,-3.5041033389560527
42,0.1223959997296333,-3.464562768235094
43,0.11979199945926661,-3.572765580253603
44,0.12083300203084942,-3.6245810541360837
45,0.1156250014901161,-3.570142348335309
46,0.11041700094938271,-3.598572715681334
47,0.1124999970197677,-3.6019354636310084
48,0.10885400325059891,-3.6422368095711075
49,0.11458300054073328,-3.6020159448418156
50,0.116406001150608,-3.5756640427277238
51,0.10989599674940098,-3.5826753987767788
52,0.10989599674940098,-3.5725005996633037
53,0.1078130006790161,-3.5352545027070583
54,0.10572899878025048,-3.493389847209863
55,0.1020829975605011,-3.468276672411168
56,0.1083329990506172,-3.4738913757500347
57,0.1083329990506172,-3.505723972394432
58,0.10572899878025048,-3.5072348932388326
59,0.10625000298023221,-3.5063420073528953
60,0.1109379976987838,-3.4890370285159182
61,0.1171879991889,-3.4672220648469105
62,0.1158849969506263,-3.438413587661432
63,0.11874999850988378,-3.491402492782617
64,0.1169269979000091,-3.5118591462050754
65,0.1177079975605011,-3.51621462229749
66,0.1166670024394989,-3.4983527286668608
67,0.127603992819786,-3.4580160772899453
68,0.125,-3.442138121431386
69,0.1500000059604644,-3.5158053829331024
70,0.161979004740715,-3.468944059055504
71,0.1651040017604828,-3.4813214618722994
72,0.1578129976987838,-3.7223801511443395
73,0.1843750029802322,-3.765639940838312
74,0.1546880006790161,-3.7689632074392883
75,0.1677079945802688,-3.6908087388067132
76,0.1703130006790161,-3.6777047273225354
77,0.1645829975605011,-3.7859143726513955
78,0.1973959952592849,-3.7632088008665674
79,0.2249999940395355,-3.565333595989574
80,0.2312500029802322,-3.4797315783305027
81,0.21875,-3.914102339678105
82,0.20390599966049192,-4.023417842398859
83,0.20833300054073334,-4.092762275846507
84,0.2020830065011978,-4.050160382088049
85,0.2169270068407058,-3.909309152094837
86,0.2010419964790344,-3.710241154933143
87,0.20052100718021387,-3.6645551604360134
88,0.2007810026407241,-3.7170558634954145
89,0.2062499970197677,-3.6750997175651787
90,0.2028650045394897,-3.5728813669012265
91,0.2002599984407425,-3.5231200620360963
92,0.1875,-3.4688985036531603
93,0.1950519979000091,-3.451820542571196
94,0.2000000029802322,-3.4951676467863275
95,0.1989579945802688,-3.5890094978443234
96,0.1960940062999725,-3.5453199688549084
97,0.1812500059604644,-3.489549906420638
98,0.1812500059604644,-3.4597718584219437
99,0.1911460012197494,-3.5045273838262028
100,0.22135399281978602,-3.4785414434442723
101,0.2260420024394989,-3.396926282746984
102,0.2249999940395355,-3.7147868248303433
103,0.2513020038604736,-3.7914353077871046
104,0.2135419994592666,-3.7247843375030305
105,0.2473960071802139,-3.850290609845105
106,0.2695310115814209,-3.76156842675384
107,0.2562499940395355,-3.9268145747021266
108,0.2541669905185699,-3.9873447970529656
109,0.2536459863185882,-3.908888523879863
110,0.24791699647903437,-3.87447483406434
111,0.24375000596046442,-3.7396099635674496
112,0.23307299613952634,-3.6166673214922693
113,0.2239580005407333,-3.5601474930610917
114,0.21041700243949893,-3.536596488934434
115,0.1973959952592849,-3.519449815120602
116,0.1885419934988021,-3.4863314172450526
117,0.1929689943790435,-3.44445651178233
118,0.20833300054073334,-3.6546096568476685
119,0.21875,-3.682259508300204
120,0.2208330035209655,-3.6833767545426843
121,0.2255209982395172,-3.8308221290251527
122,0.22916699945926663,-3.757622949282519
123,0.224479004740715,-3.606497837175734
124,0.2114579975605011,-3.661670744210949
125,0.2101559937000274,-3.646374758617331
126,0.2130209952592849,-3.570489328649827
127,0.2062499970197677,-3.5739545762547746
128,0.2135419994592666,-3.5384896955301697
129,0.21171900629997253,-3.483496732334213
130,0.2182289958000183,-3.4872254420160487
131,0.2249999940395355,-3.4639113259815786
132,0.2296880036592483,-3.4061125296296004
133,0.23541699349880207,-3.4251186231157633
134,0.23437500000000003,-3.4092945744833107
135,0.2255209982395172,-3.528198730140718
136,0.23437500000000003,-3.5223725738093057
137,0.22708299756050107,-3.4238092849267336
138,0.22916699945926663,-3.503579072200747
139,0.22291700541973114,-3.5392497114926047
140,0.2195309996604919,-3.5180546809238247
141,0.21458299458026878,-3.408397133057139
142,0.2249999940395355,-3.525561831601721
143,0.2348960041999817,-3.5347321340935167
144,0.2312500029802322,-3.5746489165121638
145,0.2302079945802688,-3.6547801099781045
146,0.2260420024394989,-3.5834141555514534
147,0.2374999970197677,-3.565053050636807
148,0.24244800209999082,-3.4580866881635783
149,0.2510420083999634,-3.365245537443733
150,0.24791699647903437,-3.473402034803192
151,0.2374999970197677,-3.587750270597872
152,0.24192699790000907,-3.5377532165256125
153,0.2390629947185516,-3.5165608433553026
154,0.2307289987802505,-3.5581054721510332
155,0.2130209952592849,-3.4956972283385737
156,0.2151039987802505,-3.537769160916433
157,0.2322919964790344,-3.6096054748722834
158,0.24375000596046442,-3.6979905479862047
159,0.24765600264072413,-3.740436034863283
160,0.23958300054073334,-3.8483943662225464
161,0.24765600264072413,-3.914273552065247
162,0.2536459863185882,-3.765662338911131
163,0.2567709982395172,-3.6479957716840623
164,0.24687500298023224,-3.6808313464367277
165,0.24062499403953547,-3.7810904351715457
166,0.2374999970197677,-3.940489547229013
167,0.2385420054197311,-3.919745894771789
168,0.24791699647903437,-3.8102800592233
169,0.24583299458026878,-3.755381243858854
170,0.2598960101604461,-3.732769819905536
171,0.2575519979000091,-3.623556816840055
172,0.2531250119209289,-3.682864256266317
173,0.24687500298023224,-3.7352575245018573
174,0.24531300365924827,-3.5706176430330956
175,0.2427079975605011,-3.629817647635497
176,0.2651039958000183,-3.5876872522912966
177,0.2645829916000366,-3.3711202862043117
178,0.2630209922790527,-3.633367931991486
179,0.2593750059604645,-3.799599595143809
180,0.2572920024394989,-3.671504637063552
181,0.2536459863185882,-3.806142869433782
182,0.26145800948143,-3.740399590541408
183,0.2635419964790344,-3.631588234273257
184,0.2703129947185516,-3.622901578303011
185,0.2703129947185516,-3.5560649697543862
186,0.2744790017604828,-3.3605776272169106
187,0.3031249940395355,-3.68417663148217
188,0.3208329975605011,-3.639947650603334
189,0.3177079856395721,-3.6639583846653103
190,0.2989580035209656,-4.296717608422979
191,0.3059900104999542,-4.471834852802449
192,0.3125,-4.372724519463399
193,0.3197920024394989,-4.112471820670528
194,0.3479169905185699,-4.159780346747801
195,0.3462890088558197,-3.7360638551233416
196,0.3317709863185882,-3.9120652539366336
197,0.3270829916000366,-4.499215168124452
198,0.3278650045394897,-4.621269479853928
199,0.3291670083999634,-4.541154990035514
200,0.3328129947185516,-4.362856460059039
201,0.3554689884185791,-4.082229866824633
202,0.3499999940395355,-3.6454393543558727
203,0.3499999940395355,-3.706834370094537
204,0.3492189943790436,-3.9341907535982847
205,0.3510420024394989,-3.9857287191548214
206,0.3403649926185608,-3.7998285110405865
207,0.3447920083999634,-3.6042830853651227
208,0.3541670143604278,-3.729241933622366
209,0.3578130006790161,-3.783676463511259
210,0.3563799858093261,-3.832186892953701
211,0.3755210041999817,-3.7660951152333966
212,0.3960939943790436,-3.579295947179579
213,0.387499988079071,-3.667078929725857
214,0.3692710101604461,-3.9811158550391643
215,0.3583329916000366,-4.104084311842339
216,0.3692710101604461,-4.108372593716297
217,0.3968749940395355,-4.105480205295822
218,0.392969012260437,-4.001013695526206
219,0.40494799613952637,-4.164340062894057
220,0.4005210101604461,-4.071146996691106
221,0.4104169905185699,-4.22437790727123
222,0.3953129947185516,-4.118102468400215
223,0.3927080035209656,-4.326160444586094
224,0.3877600133419037,-4.184891623404732
225,0.3635419905185699,-4.067997599875742
226,0.3375000059604645,-3.9174404117848427
227,0.3536460101604461,-3.8979719309648906
228,0.3447920083999634,-3.87218073992798
229,0.39843800663948054,-3.9930373242041695
230,0.3979170024394989,-3.2719423790184514
231,0.3822920024394989,-5.122334868746184
232,0.3937500119209289,-5.930931112240354
233,0.3968749940395355,-6.12856145682975
234,0.3904950022697449,-5.632800994540424
235,0.376563012599945,-5.043329273346487
236,0.3791669905185699,-4.489122368735194
237,0.3848960101604461,-4.027623744920246
238,0.3619790077209472,-4.114921562431563
239,0.3807289898395538,-3.872867107989959
240,0.3869790136814117,-3.827007243707217
241,0.3815099895000458,-3.8373331349051325
242,0.3734380006790161,-4.038588550636032
243,0.3669269979000091,-4.11113742701021
244,0.376563012599945,-3.942672410257984
245,0.3692710101604461,-3.881063663756657
246,0.3697920143604278,-3.732889023208336
247,0.3583329916000366,-3.631569632483967
248,0.3411459922790527,-3.508108418078774
249,0.360938012599945,-3.41503417555027
250,0.3580729961395263,-3.325229672024988
251,0.3671880066394806,-3.9750478754469776
252,0.3567709922790527,-4.150033009159651
253,0.3640629947185516,-4.131633941409718
254,0.3520829975605011,-4.035789171162009
255,0.3656249940395355,-3.9810794107172893
256,0.3687500059604645,-3.9148118650696087
257,0.3854170143604278,-3.8300784370818914
258,0.42708298563957214,-3.6614573930766388
259,0.4510419964790344,-3.3319092328936395
260,0.5208330154418945,-3.480658251139845
261,0.5083330273628235,-3.6941346628061593
262,0.5479170083999634,-4.560388860533395
263,0.6135420203208923,-4.625382373428863
264,0.6583330035209656,-4.797559396215397
265,0.6010419726371765,-5.132086382246215
266,0.6317710280418396,-5.6283210003482695
267,0.6781250238418579,-5.624186088328869
268,0.7723960280418396,-5.674398012048849
269,0.8317710161209108,-5.66687985214872
270,0.8255209922790527,-5.294272725670414
271,0.7854170203208923,-5.792345883885391
272,0.8229169845581056,-6.664812699607254
273,0.831250011920929,-6.6440910655944965
274,0.9510419964790343,-6.174842328955819
275,1.0333329439163206,-5.463580137737646
276,1.162500023841858,-4.663543374715512
277,1.0177079439163206,-5.020668118078944
278,0.8927080035209654,-5.416707425009461
279,0.8791670203208921,-5.568218239522756
280,0.8291670083999634,-6.5389886783338325
281,0.8968750238418577,-6.502051598856819
282,0.9583330154418944,-6.122990410751463
283,0.9375000000000001,-5.403417775260732
284,0.9447919726371764,-5.140159938426585
285,0.998438000679016,-4.834768669221415
286,1.145833015441894,-4.374844364185795
287,1.1005209684371948,-3.7875289320361283
288,1.116667032241821,-3.802138549567767
289,1.0635420083999634,-4.740869114653783
290,1.0354169607162476,-4.99333525630105
291,1.0463540554046629,-4.966788984470291
292,0.9911460280418397,-4.9221553197673025
293,0.898437976837158,-5.028265999933175
294,0.9479169845581056,-4.881950399428831
295,0.9239580035209655,-4.4386705198962035
296,0.9020829796791077,-4.817409783158331
297,0.9156249761581419,-4.638833365227559
298,0.8848959803581237,-4.058250641915945
299,0.9125000238418579,-4.196749694634808
300,0.9666669964790342,-4.3790088872167185
301,1.0135420560836792,-4.2596271590914085
302,1.0333329439163206,-4.345152871451554
303,1.0864579677581785,-4.108648203900477
304,1.0625,-4.334633369793678
305,1.022917032241821,-4.244335729038025
306,0.9973959922790527,-4.366526706974533
307,1.0723960399627686,-4.408459695575244
308,1.0729169845581057,-4.158826720325405
309,1.076042056083679,-3.998474741102248
310,1.080729007720947,-4.011700233659343
311,1.122917056083679,-3.9538471504529045
312,1.096874952316284,-3.8746414909112477
313,1.0604170560836792,-3.7547335978888667
314,0.9916669726371764,-3.645569946509258
315,0.8824219703674316,-3.6669676986184676
316,0.6979169845581055,-3.322535829233061
317,0.6662759780883789,-3.8497264821127484
318,0.7322919964790344,-4.100401157562847
319,0.715624988079071,-5.5627572856668
320,0.71875,-6.608695277230113
321,0.768750011920929,-6.582555587365272
322,0.7041670083999634,-5.8877590166958935
323,0.6635419726371765,-5.427726517579707
324,0.6338539719581604,-4.760648511094732
325,0.614063024520874,-4.901495944804414
326,0.6083329916000366,-5.054146783261362
327,0.7041670083999634,-4.8148579213703755
328,0.6416670083999634,-4.195281671794281
329,0.6640629768371582,-4.426542912535593
330,0.7124999761581421,-5.406851893340745
331,0.7348960041999817,-5.241549560396234
332,0.8760420083999634,-4.936243327942106
333,0.8510419726371765,-4.619900160385146
334,0.9104170203208923,-4.858203127443742
335,0.9635419845581055,-5.646944808083098
336,0.9427080154418942,-5.791997005429108
337,0.9302080273628234,-5.799631331605214
338,0.8552079796791076,-5.912342230313989
339,0.918749988079071,-5.623911996658101
340,0.8725259900093078,-5.4808490518811
341,0.9026039838790892,-5.59826126811175
342,0.7786459922790527,-5.302649984533075
343,0.7182289958000183,-4.872906513178539
344,0.7598959803581238,-5.314878573035548
345,0.7765629887580872,-5.581571287206413
346,0.7614579796791077,-5.331216638457779
347,0.7791669964790344,-5.239291910581748
348,0.8088539838790894,-4.708281816843892
349,0.8286460041999817,-4.343415692108846
350,0.8812500238418578,-4.0876528578453035
351,0.8895829916000365,-4.171518455418372
352,0.9166669845581055,-4.094874148373493
353,0.9557290077209472,-4.191381749725304
354,0.9677079916000367,-3.8150299691743412
355,1.0119789838790891,-4.165253069082696
356,0.9692710041999815,-4.013727449063639
357,0.9755210280418394,-3.984255761145707
358,1.054167032241821,-4.020517481782974
359,1.0536459684371948,-3.8117750356768805
360,1.0916670560836792,-4.289008875089712
361,1.0505210161209104,-4.199629175691285
362,1.0817710161209106,-4.603776584982284
363,1.0708329677581787,-4.503112432794959
364,1.0380209684371948,-4.462903336544605
365,1.0572919845581055,-4.17668140101733
366,1.0979169607162476,-3.9953853255666365
367,1.0552079677581787,-3.769520881489646
368,1.0916670560836792,-4.385778420004999
369,1.0645829439163208,-4.468444012354664
370,1.052083015441894,-4.276312964084863
371,1.2374999523162842,-3.8850281226456214
372,1.366667032241821,-2.7359080938446088
373,1.2770830392837522,-3.5598646699382073
374,1.505208015441894,-5.000009122744409
375,1.8166669607162482,-4.925669159801417
376,1.7875000238418577,-5.4375258642521995
377,1.7526040077209473,-5.752864914815832
378,1.8052079677581787,-7.406180558092644
379,1.600000023841858,-7.292146274945783
380,1.7458330392837524,-5.729497271183608
381,1.662500023841858,-4.593968506857675
382,1.5791670083999634,-4.84686514705709
383,1.5708329677581787,-4.912807351206366
384,1.5916670560836792,-4.613732338536156
385,1.7005209922790527,-4.404355913080778
386,1.8020830154418945,-3.840957826418283
387,1.7760419845581057,-3.2908926671367436
388,1.8583329916000368,-3.9844307698163774
389,1.8520829677581787,-4.299961532698207
390,2.0229170322418213,-4.001176176461232
391,2.4083330631256104,-4.083500862550024
392,2.306250095367432,-2.9859151928361953
393,2.3890628814697266,-4.901544157605228
394,2.65625,-6.6106761779753604
395,2.686458110809326,-5.926617015638402
396,2.7083330154418945,-5.148342068315874
397,2.706770896911621,-4.768372429562113
398,2.9328129291534424,-4.120723422548392
399,2.769270896911621,-2.736136630113033
400,2.6770830154418945,-2.5461696532687372
401,2.6770830154418945,-2.4184957030318066
402,2.957813024520874,-2.875044352753755
403,3.112499952316284,-2.436569808911687
404,3.450000047683716,-2.223083147279845
405,3.971874952316284,-3.3625365095176916
406,4.006249904632568,-3.2856541754955657
407,4.615624904632568,-2.899132720813892
408,4.084374904632568,-3.57105953043583
409,3.700000047683716,-3.7340977598838565
410,3.450000047683716,-3.2175135435548516
411,3.509375095367432,-3.034759695229158
412,3.495312929153443,-2.643387729082934
413,2.825000047683716,-2.4160190076577184
414,2.650000095367432,-1.7746217203589698
415,3.075000047683716,-1.7005380065541613
416,2.809375047683716,-2.429117324716603
417,2.8773438930511475,-3.3702471409927233
418,3.140625,-3.538824907365749
419,3.071875095367432,-3.0852301458574396
420,2.92343807220459,-3.1764043484798568
421,2.8968749046325684,-3.156156111023121
422,2.7562499046325684,-2.9015718329810465
423,3.143749952316284,-2.5402227751211144
424,2.950000047683716,-2.0773696373431445
425,2.8968749046325684,-2.0737865151346324
426,2.728125095367432,-1.984736143332316
427,2.5,-1.7588999815676143
428,2.4359378814697266,-1.75244933659574
429,2.746875047683716,-1.827990633461372
430,2.612499952316284,-1.8572550442986404
431,2.465625047683716,-2.0161758246314982
432,2.337500095367432,-1.9608943438873645
433,2.237499952316284,-1.857690857647729
434,2.546875,-1.660071522280566
435,2.6624999046325684,-1.790753078143066
436,2.879688024520874,-2.2926044875399274
437,2.773437976837158,-2.376628010507788
438,3.125,-2.3416494337032026
439,3.203125,-2.1333621619921934
440,3.325000047683716,-2.5726341151894534
441,3.03281307220459,-2.72777436657031
442,3.087500095367432,-2.632623746765813
443,3.003124952316284,-2.390802953575397
444,3.0374999046325684,-2.120080104810522
445,3.054687976837158,-2.0893408378223746
446,3.248437881469726,-1.9514761440811483
447,3.4281249046325684,-1.604198390748493
448,3.3718750476837154,-1.4950383458382364
449,3.3328130245208736,-1.3640571682982379
450,3.473438024520874,-1.4808178473682836
451,3.34531307220459,-1.396913812424487
452,3.275000095367432,-1.1997595217895833
453,3.460937976837158,-1.0487901522145613
454,3.3765630722045903,-0.8499985244937527
455,3.299999952316284,-0.8915722897655656
456,2.984375,-1.0170419279715883
457,3.0921878814697266,-0.9747295008321893
458,3.496875047683716,-1.0578698184371107
459,3.476562976837158,-1.0014908321248455
460,3.740624904632568,-0.9204589703917339
461,4.117187976837158,-1.2125554648654118
462,4.304687976837158,-1.108345014419803
463,4.275000095367432,-1.2085293163691069
464,4.662499904632568,-1.357667263862822
465,4.571875095367432,-0.939442760712166
466,4.395312786102295,-0.6744492155951782
467,4.474999904632568,-0.5101212462718385
468,4.571875095367432,-0.400120799095428
469,4.61093807220459,-0.3341182340380469
470,4.459374904632568,-0.08172105425375517
471,4.199999809265137,0.0678659698546267
472,4.181250095367432,0.16401947286030322
473,4.75,0.2215831131744542
474,3.973438024520874,0.39948760078404205
475,4.300000190734863,-0.21502734868457457
476,4.481249809265137,-0.8558355951403096
477,4.75156307220459,-1.1669626691289103
478,5.253125190734863,-0.8658458253628182
479,5.179687976837158,-0.07298599566851863
480,5.146874904632568,-0.37050580147428913
481,4.837500095367432,-0.14581289049423896
482,4.206250190734863,-0.04375935785236015
483,4.301562786102295,0.1659179230726626
484,3.773437976837158,-0.9046842734451538
485,3.5750000476837154,-1.1137312763973333
486,3.6624999046325684,-1.4675702414596346
487,3.434375047683716,-1.503160019912332
488,3.4093749523162837,-1.884313434777413
489,3.671875,-1.9245213921427076
490,3.709374904632568,-1.813681681585202
491,3.573437929153442,-1.5794906590306574
492,3.400000095367432,-1.4922570936180626
493,3.309375047683716,-1.1745020882168
494,3.4406249523162846,-1.0792902533404038
495,3.3156249523162837,-0.8872640774030824
496,3.489063024520874,-1.2458612093330996
497,3.270313024520874,-1.2923825760207077
498,3.2140629291534424,-1.400174250533064
499,2.9375,-1.2690532748521235
500,2.789062976837158,-1.1033388553305783
501,3.023437976837158,-1.2161136265097228
502,2.864063024520874,-1.3022985635046178
503,2.96875,-1.7332221095940334
504,2.645313024520874,-1.9024287303335796
505,2.8031249046325684,-1.7002817574159776
506,2.62656307220459,-1.5243680527521974
507,2.710937976837158,-2.4106079749301634
508,2.934375047683716,-2.5668673706952645
509,2.789062976837158,-2.5686778183100754
510,2.8499999046325684,-2.4926192778136658
511,2.898437976837158,-2.3699670514284272
512,2.645313024520874,-2.0170206875307986
513,2.299999952316284,-1.863068672894408
514,2.4124999046325684,-1.8012672650040022
515,2.7921879291534424,-2.0730316241549613
516,2.8234379291534424,-2.135415951381191
517,2.78281307220459,-2.2853262527588085
518,3.087500095367432,-2.5088075798506915
519,2.9375,-2.0774565722359504
520,2.9437499046325684,-1.898317545086233
521,2.840625047683716,-1.8551473476835365
522,2.754688024520874,-2.01978874766571
523,2.76718807220459,-1.884730076894682
524,2.9015629291534424,-1.635163346792418
525,3.128124952316284,-1.690626289889221
526,3.059375047683716,-1.689337072002893
527,3.101562976837158,-1.7681342514368676
528,3.171875,-1.8700052421579487
529,3.046875,-1.5194201666151377
530,3.134375095367432,-1.5375836749721177
531,3.137500047683716,-1.442720149109475
532,2.934375047683716,-1.457368109104753
533,3.153125047683716,-1.259444501612769
534,3.375,-1.033515900344145
535,3.489063024520874,-1.2053379706207512
536,3.4406249523162846,-1.3056478346477651
537,3.292187929153443,-1.7050047137539655
538,3.003124952316284,-1.661430971412174
539,3.1359379291534424,-1.4023803657986482
540,2.6703128814697266,-1.4291369517368937
541,2.864063024520874,-0.919969819259068
542,2.648437976837158,-2.3825038981534257
543,2.525000095367432,-3.0140012372661724
544,2.643749952316284,-3.4006420850648222
545,2.539062976837158,-3.3167647190128147
546,2.50156307220459,-3.3549420443186366
547,2.3499999046325684,-3.276397317739317
548,2.371875047683716,-2.8752949074666456
549,2.210937976837158,-2.4525937318719224
550,2.431250095367432,-2.7558854664715757
551,2.239063024520874,-2.611314637876997
552,2.137500047683716,-3.287733020355852
553,2.275000095367432,-3.5485794578926035
554,2.273437976837158,-3.1314043424163533
555,2.293750047683716,-2.9729820141108063
556,2.4359378814697266,-3.22806645250778
557,2.457813024520874,-3.067805014646781
558,2.731250047683716,-2.7013226221994144
559,2.828125,-2.1903018593816395
560,2.653125047683716,-2.06812530732254
561,2.835937976837158,-2.4713898908789513
562,2.9593749046325684,-2.5853311650793604
563,3.00156307220459,-2.318290901151448
564,3.3218750953674316,-2.077595516213099
565,3.2140629291534424,-2.128882547428392
566,3.212500095367432,-2.140906326434494
567,2.981250047683716,-2.177464726629525
568,3.109375,-1.9311333791645493
569,2.976562976837158,-1.6084172006338766
570,3.003124952316284,-2.1090788547728607
571,3.121875047683716,-2.385633554294441
572,3.1468749046325684,-2.3118394969228677
573,3.071875095367432,-2.2598478754846583
574,3.181250095367432,-2.0007397561756735
575,3.325000047683716,-1.6110899740522193
576,3.165625095367432,-1.2766777306910548
577,3.299999952316284,-1.2839401159884416
578,3.2781250476837163,-1.1634932456120812
579,3.2625000476837154,-1.0890870375215143
580,3.190624952316284,-1.0339437414978232
581,3.137500047683716,-0.983988446544379
582,3.112499952316284,-0.9836063506072208
583,3.299999952316284,-0.9228172217197284
584,3.112499952316284,-0.8819337157005115
585,3.2499999999999996,-0.8744731644029293
586,3.128124952316284,-1.0693372520920896
587,3.2937500476837163,-1.1138294103265487
588,4.037499904632568,-1.1747427725925161
589,3.996875047683716,0.007051856676161362
590,3.862499952316284,-2.021260187161413
591,3.8531250953674325,-2.9740590197478833
592,3.921875,-2.621836796933344
593,4.121874809265137,-1.8436950991626722
594,4.365624904632568,-1.3708001271018178
595,4.462500095367432,-0.8438193137941766
596,4.418749809265137,-0.9907785741708023
597,4.246874809265137,-0.8795761287221344
598,3.996875047683716,-0.5657396471791395
599,3.9796879291534415,-0.257701324376533
600,3.753124952316284,-0.20907985364087822
601,3.703125,-0.3611241883505802
602,3.8312499523162846,-0.5500838688140943
603,4.025000095367432,-0.6572720291524843
604,4.037499904632568,-0.5627687231431657
605,3.9312500953674316,-0.41253825270345057
606,4.137499809265137,-0.37191896801782737
607,4.0625,-0.2698633830101659
608,3.796875,-0.17970145939066215
609,3.549999952316284,-0.10020335552005333
610,3.53125,0.08141198737539936
611,3.456249952316284,-1.0811689391516424
612,3.3218750953674316,-1.2989404660022663
613,3.290625095367432,-1.33342381762054
614,3.153125047683716,-1.3694843352307893
615,3.246875047683716,-1.2326168302654499
616,3.900000095367432,-1.393581719464307
617,3.5406250953674325,-0.8897255876430561
618,3.599999904632569,-1.2659826509199787
619,3.6500000953674325,-1.7980658591042957
620,3.746875047683716,-1.719194082698983
621,3.674999952316284,-1.3863567275596773
622,3.9468750953674325,-1.1834041832772968
623,3.825000047683716,-0.7086791652879149
624,3.896874904632568,-0.7878644672591494
625,3.896874904632568,-0.6679721389992359
626,4.025000095367432,-0.5020173198232393
627,4.087500095367432,-0.2408178753718679
628,4.362500190734863,-0.06053729390170092
629,4.65625,-0.23615575447742676
630,4.521874904632568,-0.2933167751965928
631,4.253125190734863,-0.08435135675012122
632,4.25,-0.25352318217845
633,4.453125,-0.37438650485790276
634,4.328125,-0.3272514689378891
635,4.387499809265137,-0.18270688215320247
636,4.303124904632568,-0.13228967440141023
637,4.428124904632568,-0.12211180267095392
638,5.181250095367432,0.10883313647210614
639,5.334374904632568,0.7935957382835374
640,5.125,-0.03811570785158774
641,4.78125,-0.2447948145429327
642,4.824999809265137,-0.054790788344074276
643,4.743750095367432,0.13092454076231538
644,4.703125,0.19121970198241492
645,4.849999904632568,0.30567308296745216
646,4.993750095367432,0.560449405502532
647,4.884375095367432,0.6168701034800681
648,4.5,0.55696285125628
649,4.056250095367432,0.6743636311827994
650,4.115624904632568,0.489236393848541
651,4.175000190734863,0.023250456132258793
652,3.9531250000000004,-0.23519258989266534
653,3.806250095367432,-0.1915672655484284
654,4.46875,-0.26906896322825274
655,4.096875190734863,-0.003878924848499551
656,3.487499952316284,-0.08768748326155065
657,3.2781250476837163,-0.07307221875816299
658,3.478125095367432,-1.2381410871492464
659,3.4593749046325684,-1.786716679681234
660,3.3375000953674316,-1.6463130315160495
661,3.1781249046325684,-1.610667447695481
662,3.296875,-1.482081725062058
663,3.212500095367432,-1.353857408620562
664,3.2062499523162837,-1.327640274571737
665,3.340625047683716,-1.2234348542018036
666,3.2374999523162846,-1.0034573069926838
667,3.103125095367432,-0.9629849384796192
668,3.506249904632569,-0.8391831974419067
669,3.462500095367432,-0.5196828032348052
670,3.2406249046325684,-1.2548713086599865
671,3.346874952316284,-1.4464334838430193
672,3.0843749046325684,-1.3038949956355013
673,3.2281250953674316,-1.0610573679019377
674,3.3718750476837154,-1.1505826547736877
675,3.471874952316284,-1.105849527442248
676,4.209374904632568,-1.085806289296059
677,3.928124904632568,-0.3966819831145487
678,3.7500000000000004,-1.453438955652605
679,4.15625,-1.5506979364218232
680,4.012499809265137,-1.104013644727795
681,3.809375047683716,-1.157217419496701
682,3.809375047683716,-0.9878020031630796
683,3.7218749523162837,-0.8444862259030714
684,3.690624952316284,-0.7657688633302865
685,3.5343749523162846,-0.6002102812475922
686,3.450000047683716,-0.5675778076637096
687,3.2374999523162846,-0.47441226451634166
688,3.1781249046325684,-0.4812374603118608
689,3.5218749046325684,-0.6740398813237021
690,3.421875,-0.6374937715965948
691,3.456249952316284,-0.7167368245310087
692,3.287499904632568,-0.7187074753107285
693,3.4437499046325684,-0.7029507158038214
694,3.2937500476837163,-0.6203498026347765
695,3.128124952316284,-0.676399651165108
696,3.125,-0.6878189194728174
697,3.196875095367432,-0.8114913021492913
698,3.174999952316284,-0.8171111304709215
699,3.181250095367432,-0.913919302571113
700,3.4406249523162846,-0.8539031919171409
701,3.3437499999999996,-0.7465124998524976
702,3.2656250000000004,-0.8352849837005173
703,3.28125,-0.7626786885379692
704,3.1875,-0.7462318595926425
705,3.3125,-0.7176864648556994
706,3.2406249046325684,-0.6626373166635188
707,3.209374904632569,-0.8347286383493943
708,3.618750095367432,-0.853723153170795
709,3.5343749523162846,-0.5727513828565475
710,3.384375095367432,-0.8018013833495123
711,3.6343750953674316,-1.030559354732036
712,3.6562500000000004,-0.8308886975601695
713,3.506249904632569,-0.8142060245006256
714,3.3125,-0.6939693733246639
715,3.325000047683716,-0.6268562055209776
716,3.3499999046325684,-0.6407618497257733
717,3.1781249046325684,-0.6455836992496822
718,3.196875095367432,-0.6871651519956405
719,3.109375,-0.5552602912195786
720,3.212500095367432,-0.9520003920894838
721,3.378124952316284,-0.9845913912758161
722,3.168750047683716,-0.9118983510346386
723,3.168750047683716,-0.8940880868599989
724,2.8187499046325684,-0.8350554983612106
725,2.400000095367432,-0.7949236564806654
726,2.34375,-0.971596712757263
727,2.353125095367432,-1.113730706954804
728,2.746875047683716,-1.7213966864023031
729,2.671875,-1.9418451625831514
730,2.618750095367432,-2.0460288492298835
731,2.4906249046325684,-1.9008094255944359
732,2.621875047683716,-1.7208342669975345
733,2.674999952316284,-1.5981598323536532
734,2.643749952316284,-1.4307690689329464
735,2.759375095367432,-1.508701644793272
736,2.996875047683716,-1.6565083305605794
737,2.806250095367432,-1.5312383768681634
738,2.706249952316284,-1.4822265532786758
739,2.753124952316284,-1.4772768639069398
740,2.924999952316284,-1.4235332576202602
741,2.800781011581421,-1.3233903351614185
742,2.8125,-1.231388258008492
743,2.665625095367432,-1.1437218213665434
744,2.743750095367432,-1.07363977002928
745,2.6875,-1.2229759784302787
746,2.8031249046325684,-1.3103294114952906
747,2.953125,-1.2717837517801016
748,3.049999952316284,-1.1389850085936761
749,2.768749952316284,-1.068343195250114
750,2.6312499046325684,-1.143499454058853
751,2.59375,-1.1841019401898618
752,2.3343749046325684,-1.1673878528841186
753,2.4281249046325684,-1.3768715233491804
754,2.275000095367432,-1.390172941576848
755,2.325000047683716,-1.7134875092987234
756,2.587500095367432,-1.7903368156541501
757,2.415625095367432,-1.6483222145735852
758,2.509375095367432,-1.5609873832978636
759,2.893749952316284,-1.524623352819499
760,2.7249999046325684,-1.4504461555327974
761,2.528125047683716,-1.4682142809602692
762,2.590625047683716,-1.5166806735137788
763,2.59375,-1.4948248997968383
764,2.609375,-1.4365728271915394
765,2.421875,-1.3688353605615675
766,2.450000047683716,-1.2801158348687725
767,2.321875095367432,-1.270977231344441
768,2.315624952316284,-1.3427820361470035
769,2.299999952316284,-1.4498434955226251
770,2.265625,-1.49979822103354
771,2.306250095367432,-1.4802904486790667
772,2.3031249046325684,-1.4965203200207313
773,2.0999999046325684,-1.6026586181492743
774,1.6937500238418581,-1.5289251114999833
775,1.696874976158142,-1.0524620125505553
776,1.8250000476837163,-2.7202197623483055
777,1.893749952316284,-3.4232975459070722
778,1.856250047683716,-3.5718104353177957
779,1.815624952316284,-3.5325728080224232
780,1.850000023841858,-3.2838414501106374
781,1.8250000476837163,-3.018746971305332
782,1.803125023841858,-2.5991063594914032
783,1.8062499761581419,-2.2976484196502622
784,1.7531249523162844,-2.254362435599942
785,1.65625,-2.174815869797413
786,1.7531249523162844,-2.0586152374549305
787,1.75,-2.1253210640359934
788,2.1312499046325684,-2.327098278937905
789,2.056250095367432,-2.093281949567638
790,2.087500095367432,-2.606810537284436
791,2.043750047683716,-2.5578809981404316
792,2.015625,-2.489575797308751
793,2.056250095367432,-2.2758928678184778
794,1.9375,-2.1880294040613926
795,1.8812500238418577,-2.083188960364205
796,1.803125023841858,-1.67483887539282
797,1.568750023841858,-2.3678187345795667
798,1.5,-2.6418452990852455
799,1.506250023841858,-3.235201187771516
800,1.5125000476837156,-3.4015524338549916
801,1.540624976158142,-3.308721153472321
802,1.5750000476837158,-3.16434355570935
803,1.6249999999999998,-2.9173078078356345
804,1.690624952316284,-2.702271313453223
805,1.6468750238418581,-2.531673354800428
806,1.5437500476837156,-2.3904381307282945
807,1.521875023841858,-2.2806181019265828
808,1.6843750476837158,-2.401898731072922
809,1.743749976158142,-2.3720193223040127
810,1.8781249523162837,-2.4585398507628398
811,1.931249976158142,-2.3711651585100677
812,1.912500023841858,-2.3010405887972833
813,1.950000047683716,-2.3918013761434307
814,1.8750000000000002,-2.2650821912139545
815,1.8250000476837163,-2.276909132919096
816,1.940624952316284,-2.216862746903983
817,1.9687499999999998,-2.095180281146137
818,1.996875047683716,-2.0226522843313672
819,1.956249952316284,-2.0080817685200736
820,1.981250047683716,-1.832625895649848
821,2.1468749046325684,-1.9727899983243748
822,2.075000047683716,-1.801510796592365
823,2.075000047683716,-2.0690933596223444
824,2.284374952316284,-2.096097463246658
825,2.293750047683716,-1.8494743713925055
826,2.174999952316284,-1.7570768164029824
827,2.1468749046325684,-2.022400970361771
828,2.118750095367432,-2.1138181351300216
829,2.134375095367432,-2.0518187510535966
830,2.121875047683716,-1.9979487285254134
831,2.243750095367432,-1.9086407788856783
832,2.181250095367432,-1.756917752123132
833,2.140625,-1.7630016761061391
834,2.0374999046325684,-1.821345998401184
835,1.8750000000000002,-1.7904609541255367
836,2.003124952316284,-1.8399939125364193
837,2.071875095367432,-2.0177882960602904
838,2.018749952316284,-2.114934622115796
839,1.9874999523162842,-2.1180494727510495
840,1.893749952316284,-2.096590600477029
841,2.0,-1.9577193221581821
842,1.9218749999999998,-2.095898158361404
843,1.7937500476837156,-2.118779498073608
844,1.7531249523162844,-2.168724163433172
845,1.7999999523162844,-2.184845650880094
846,1.678125023841858,-2.143799284297498
847,1.5781249999999998,-2.2337125513458758
848,1.503124952316284,-2.289819533943313
849,1.521875023841858,-2.3555087157954047
850,1.390625,-2.6452564496499096
851,1.256250023841858,-2.7266208658201307
852,1.4218749999999998,-2.7802798149841212
853,1.2156250476837158,-2.80056354769185
854,1.096874952316284,-2.841557335747574
855,1.256250023841858,-2.7362290696169556
856,1.3875000476837158,-2.845500915077131
857,1.540624976158142,-3.2331094355472323
858,1.5,-3.2404662533973942
859,1.478124976158142,-3.198439116965173
860,1.59375,-3.0361075656960037
861,1.84375,-2.7036011515733076
862,1.7812500000000002,-3.1282082513135867
863,1.643749952316284,-3.3623318898354975
864,1.8312499523162842,-3.3036690593523996
865,1.8687499761581423,-3.1901822002903693
866,1.9874999523162842,-2.954322900939162
867,1.8781249523162837,-2.829383793356267
868,1.8281250000000002,-2.651061726421914
869,1.846874952316284,-2.463219529468601
870,1.6937500238418581,-2.3556653124909612
871,1.5625,-2.285512080837536
872,1.503124952316284,-2.2748384500683967
873,1.390625,-2.3851544633131256
874,1.446874976158142,-2.398773630472141
875,1.475000023841858,-2.503589777954745
876,1.390625,-2.6237429108930765
877,1.3718750476837158,-2.653706976784674
878,1.290624976158142,-2.59452253694474
879,1.2124999761581419,-2.5574966244331563
880,1.2593749761581419,-2.61215190820924
881,1.446874976158142,-2.5643098144820162
882,1.399999976158142,-2.749777246273985
883,1.2515629529953003,-2.8162769346594425
884,1.346874952316284,-2.730337237580498
885,1.2343749999999998,-2.8001535490707563
886,1.2312500476837158,-2.899772584402645
887,1.3281249999999998,-3.1347359608410925
888,1.2687499523162842,-3.1135369441746072
889,1.181249976158142,-3.023079669696575
890,1.068750023841858,-3.03822152617893
891,1.1718749999999998,-3.033560259448283
892,1.265625,-3.034744320280867
893,1.2937500476837156,-3.1467830869908955
894,1.1875,-3.2324006694124345
895,1.134374976158142,-3.183656388904628
896,1.143749952316284,-3.0688757564160354
897,0.9937499761581421,-2.972169039993147
898,0.9125000238418579,-2.8799611093658797
899,0.8343750238418579,-3.158215594837411
900,0.7593749761581421,-3.227265436683236
901,0.778124988079071,-3.8068573299938735
902,0.8468750119209291,-3.8609467777100126
903,0.84375,-3.7687016435041647
904,0.8687499761581419,-3.691232783676863
905,0.778124988079071,-3.5076794380400367
906,0.6937500238418579,-3.4057944010698997
907,0.878125011920929,-3.434008380254792
908,0.7749999761581421,-3.336383153032148
909,0.7281249761581421,-3.5293482447931916
910,0.746874988079071,-3.6333246543592597
911,0.8187500238418579,-3.5950907644288606
912,0.824999988079071,-3.3438132391544126
913,0.8500000238418578,-3.8109406125572844
914,0.8843749761581421,-3.847370508554871
915,0.9031249880790708,-3.8845042355186683
916,0.918749988079071,-3.7832577334380493
917,0.9750000238418578,-3.5176238027433233
918,0.9968749880790708,-3.4708308119692406
919,0.925000011920929,-3.265534252422098
920,0.9476559758186338,-3.190553476819471
921,1.09375,-3.092563047121371
922,0.9499999880790708,-2.8343235174837402
923,0.9750000238418578,-3.0941954490386885
924,1.006250023841858,-3.1967619189022174
925,0.946874976158142,-3.1108117820435695
926,0.8656250238418579,-3.022812601150335
927,0.8124999999999999,-3.000307283321643
928,0.71875,-3.527756083481278
929,0.721875011920929,-3.630743181559781
930,0.7906249761581421,-3.741224902580535
931,0.75,-3.5332246299042915
932,0.71875,-3.872946070687355
933,0.668749988079071,-3.8841086627749837
934,0.7250000238418579,-3.686434281296655
935,0.6875,-3.5909475005856972
936,0.721875011920929,-3.481302480454656
937,0.7250000238418579,-3.3090468745990784
938,0.684374988079071,-3.154258728515504
939,0.625,-3.539769802336029
940,0.596875011920929,-3.6091681430097835
941,0.596875011920929,-3.5633227046044507
942,0.590624988079071,-3.530199371560314
943,0.596875011920929,-3.5914197582566607
944,0.5874999761581421,-3.5218012331382447
945,0.5093749761581421,-3.4505901670795622
946,0.5218750238418579,-3.350056607045623
947,0.5,-3.5929773733884636
948,0.6312500238418579,-3.7957289044580023
949,0.59375,-3.4911523176980794
950,0.612500011920929,-3.7429753689155936
951,0.5843750238418579,-4.289029375020767
952,0.612500011920929,-4.410789474776774
953,0.53125,-4.094448584989931
954,0.550000011920929,-3.958277413330834
955,0.53125,-3.8244424745552643
956,0.543749988079071,-3.6438433967604302
957,0.550000011920929,-3.4361965580807032
958,0.5249999761581421,-3.3574145637808432
959,0.512499988079071,-3.3820820548932753
960,0.5,-3.4323611728317127
961,0.5093749761581421,-3.479248311437306
962,0.5093749761581421,-3.465244201128486
963,0.546999990940094,-3.5262075794299435
964,0.5820000171661377,-3.4204108519118903
965,0.5400000214576721,-3.4305461696766675
966,0.5,-3.4699690556082383
967,0.5115000009536743,-3.4074423677496846
968,0.4550000131130218,-3.3970120787547318
969,0.43149998784065235,-3.2838046261604097
970,0.4199999868869781,-3.4469301701295953
971,0.4560000002384185,-3.4853979111253586
972,0.41850000619888306,-3.5067527652306945
973,0.5590000152587891,-3.5195940738946905
974,0.6004999876022339,-3.1589376479645592
975,0.6660000085830688,-3.5535305708706626
976,0.7335000038146973,-3.9632831927917054
977,0.7014999985694885,-4.086675314836677
978,0.7369999885559082,-4.12340815425985
979,0.8270000219345093,-3.94076743518331
980,0.7994999885559082,-3.4190700045695728
981,0.7889999747276306,-3.6810750678392665
982,0.8100000023841858,-3.6929187131919345
983,0.7839999794960022,-3.561404822165779
984,0.8044999837875366,-3.623099744303206
985,0.7714999914169312,-3.5133256505321913
986,0.7634999752044678,-3.536482220800222
987,0.7889999747276306,-3.487649866514551
988,0.8445000052452087,-3.34595586157798
989,0.8554999828338623,-3.2653565863529574
990,0.8374999761581421,-3.1465150693737733
991,0.8780000209808348,-3.1925412108750697
992,0.8460000157356262,-3.142598064028917
993,0.8090000152587891,-3.168651198629304
994,0.7505000233650208,-3.1247414851952278
995,0.7310000061988831,-3.210352613934768
996,0.734000027179718,-3.21177622025801
997,0.6664999723434448,-3.2309060725872065
998,0.6769999861717224,-3.159426229654696
999,0.7064999938011169,-3.1825995035702532
1000,0.7390000224113464,-3.199330484337699
1001,0.7360000014305115,-3.256703717306116
1002,0.8190000057220459,-3.3173622540402232
1003,0.8124999999999999,-3.244797812903579
1004,0.7799999713897705,-3.23144058930804
1005,0.8374999761581421,-3.2185765029428723
1006,0.8544999957084657,-3.324472313461023
1007,0.8610000014305115,-3.2685655848197217
1008,0.7829999923706055,-3.1934378930445355
1009,0.8345000147819519,-3.2538352454718718
1010,0.8475000262260437,-3.2907692879220627
1011,0.8454999923706056,-3.394987141120552
1012,0.8220000267028809,-3.376572508608152
1013,0.7994999885559082,-3.2021590951948924
1014,0.8065000176429747,-3.3402492881777204
1015,0.7850000262260437,-3.5269463362046176
1016,0.7429999709129333,-3.461982434320674
1017,0.7319999933242798,-3.2724730994557563
1018,0.7059999704360962,-3.2063490533254586
1019,0.6644999980926514,-3.1823216156159564
1020,0.6244999766349792,-3.139926998938162
1021,0.5914999842643738,-3.1201794912788547
1022,0.5680000185966492,-3.2527077492638643
1023,0.6265000104904175,-3.3142029868876848
1024,0.6539999842643738,-3.2675261623895784
1025,0.6200000047683716,-3.387547184661113
1026,0.640500009059906,-3.5539458842886966
1027,0.6625000238418579,-3.5411022978545836
1028,0.7020000219345093,-3.511070658116176
1029,0.7179999947547913,-3.443029488803912
1030,0.7074999809265137,-3.451953412494699
1031,0.7264999747276306,-3.4191413746999113
1032,0.7064999938011169,-3.308675218441624
1033,0.7634999752044678,-3.342982612318345
1034,0.7634999752044678,-3.090640039699936
1035,0.7904999852180481,-3.235408844480533
1036,0.7804999947547913,-3.3519570265800627
1037,0.7670000195503235,-3.3772133212677873
1038,0.824500024318695,-3.448345045000721
1039,0.8489999771118163,-3.3917849759641396
1040,0.800499975681305,-3.3009258648746003
1041,0.8174999952316284,-3.2557007391978483
1042,0.7979999780654907,-3.3114673849769427
1043,0.824500024318695,-3.252377092968519
1044,0.8489999771118163,-3.1366967412836377
1045,0.8015000224113465,-3.1178508509623835
1046,0.6029999852180481,-2.9955190309069626
1047,0.5755000114440918,-2.685882377831708
1048,0.6165000200271606,-3.6830066168986413
1049,0.612500011920929,-4.055495299330854
1050,0.6274999976158142,-4.104886846180294
1051,0.6244999766349792,-4.062251545126784
1052,0.625,-3.8714138906551936
1053,0.609499990940094,-3.636139978224103
1054,0.6075000166893005,-3.5238736243165323
1055,0.5950000286102295,-3.4274165135356522
1056,0.5799999833106995,-3.338790376417662
1057,0.5554999709129333,-3.257133456601559
1058,0.5230000019073486,-3.196774826266215
1059,0.4975000023841858,-3.145890960361664
1060,0.5059999823570251,-3.1630213101563234
1061,0.5264999866485596,-3.392286465018274
1062,0.5040000081062317,-3.451122406030278
1063,0.4905000030994415,-3.4747071970803405
1064,0.4995000064373016,-3.3814480755439913
1065,0.5199999809265137,-3.40543527264809
1066,0.4945000112056732,-3.448573581269146
1067,0.5099999904632568,-3.3950201687872514
1068,0.4814999997615815,-3.4008702417048937
1069,0.5115000009536743,-3.3926061120913857
1070,0.5065000057220459,-3.374129600157469
1071,0.4984999895095825,-3.3734743616204246
1072,0.45950001478195196,-3.3234985667359256
1073,0.4345000088214874,-3.2940538324310467
1074,0.4469999969005584,-3.26767611558896
1075,0.42950001358985895,-3.3658388965592603
1076,0.3824999928474426,-3.3720849218489404
1077,0.4074999988079071,-3.1199441217000787
1078,0.4255000054836273,-3.7238014796974643
1079,0.43149998784065235,-3.877298130124594
1080,0.3745000064373016,-3.8859703602174314
1081,0.3644999861717224,-3.7340544822516297
1082,0.3655000030994415,-3.833245296801487
1083,0.3740000128746032,-3.7579152631142243
1084,0.3740000128746032,-3.786997452342118
1085,0.3729999959468841,-3.734045371171161
1086,0.3544999957084656,-3.9671561612476296
1087,0.3174999952316284,-3.9260780956975694
1088,0.3100000023841858,-3.77375032096891
1089,0.2985000014305115,-3.735920735234312
1090,0.3005000054836273,-3.7833241683998007
1091,0.3039999902248382,-3.772990684634828
1092,0.3379999995231628,-3.8307921383852768
1093,0.3519999980926513,-3.800936266574245
1094,0.3600000143051147,-3.7196764380152385
1095,0.356000006198883,-3.6805124586203215
1096,0.3454999923706054,-3.690894534814461
1097,0.3630000054836273,-3.6599476111172966
1098,0.3925000131130218,-3.570859845922223
1099,0.4034999907016754,-3.429776283377058
1100,0.4440000057220459,-3.498686421989029
1101,0.47799998521804804,-3.3942969767750446
1102,0.4460000097751617,-3.4547843011220096
1103,0.42350000143051153,-3.526892808606864
1104,0.40049999952316284,-3.6937068216524813
1105,0.4384999871253967,-3.631112180318765
1106,0.4774999916553496,-3.665306824574685
1107,0.3819999992847442,-3.4607839476106808
1108,0.3885000050067901,-3.3131871014154193
1109,0.3779999911785126,-4.07882611901285
1110,0.3524999916553497,-4.297059273940557
1111,0.3210000097751617,-4.20426026196788
1112,0.3490000069141388,-3.935091991307985
1113,0.3474999964237213,-3.9090081068110156
1114,0.3355000019073486,-3.9191726559589637
1115,0.3495000004768371,-3.8578467325805206
1116,0.3524999916553497,-3.691977994133536
1117,0.3714999854564667,-3.6472190520741017
1118,0.3485000133514404,-3.5422153681851825
1119,0.356000006198883,-3.619978819614307
1120,0.3524999916553497,-3.8054492884330986
1121,0.3644999861717224,-3.7915249000783806
1122,0.4745000004768371,-3.6570950836738723
1123,0.45249998569488525,-3.1747989001755927
1124,0.4474999904632568,-3.7708093401192686
1125,0.45950001478195196,-4.321119739316758
1126,0.4300000071525574,-4.468815288883765
1127,0.4399999976158142,-4.403267138964763
1128,0.45399999618530273,-4.168705409323646
1129,0.6104999780654907,-4.0921886574053286
1130,0.5740000009536743,-3.022589569493027
1131,0.5795000195503235,-4.036974370879652
1132,0.5575000047683716,-4.483735062779695
1133,0.5659999847412109,-5.690665086969095
1134,0.5245000123977661,-5.93935126910689
1135,0.5964999794960022,-5.426496142088073
1136,0.5879999995231628,-4.753614377344505
1137,0.6050000190734863,-4.230987996151308
1138,0.5855000019073486,-4.4385976312524535
1139,0.5824999809265137,-4.463285242667587
1140,0.6119999885559082,-4.1841137649097115
1141,0.5954999923706055,-3.854446781052266
1142,0.5444999933242798,-3.91172282916235
1143,0.550000011920929,-3.8568972820700065
1144,0.5404999852180481,-3.738566744853778
1145,0.5429999828338623,-3.7414709017531913
1146,0.5354999899864197,-3.7407108857907567
1147,0.5074999928474426,-3.696954542211237
1148,0.5,-3.6357239055493635
1149,0.4914999902248382,-3.510156133414125
1150,0.5550000071525574,-3.7690319201711566
1151,0.5299999713897705,-3.5466236126186454
1152,0.5450000166893005,-3.841631287116265
1153,0.5410000085830688,-3.929938156789496
1154,0.5479999780654907,-3.992042318291311
1155,0.5950000286102295,-3.8615792385458847
1156,0.612500011920929,-3.6434447869899222
1157,0.6169999837875366,-3.5851080572619347
1158,0.5924999713897705,-3.661959261759126
1159,0.5764999985694885,-3.8485454583069867
1160,0.5519999861717224,-3.70517691270593
1161,0.5515000224113464,-3.7403547943957696
1162,0.5055000185966492,-3.7847625802288043
1163,0.5145000219345093,-3.6536169287049276
1164,0.4564999938011169,-3.586747292489604
1165,0.48699998855590815,-3.3587083372074056
1166,0.5080000162124634,-3.48766429239196
1167,0.6299999952316284,-3.832268133421214
1168,0.6234999895095825,-3.1085241415892075
1169,0.7005000114440918,-4.690425617638555
1170,0.722000002861023,-4.927485301841521
1171,0.7749999761581421,-4.8101850759749665
1172,0.7110000252723694,-4.997171400806746
1173,0.6949999928474426,-5.006635156015307
1174,0.7095000147819519,-4.9617558717680135
1175,0.6865000128746033,-4.776361328619794
1176,0.6265000104904175,-4.489792792406353
1177,0.574999988079071,-3.9617513923878973
1178,0.5630000233650208,-4.017201807749055
1179,0.5619999766349792,-4.1544826330835765
1180,0.6259999871253967,-4.092461610191038
1181,0.6650000214576721,-3.9314680590515403
1182,0.6449999809265137,-3.676769323061077
1183,0.6644999980926514,-3.62807135721232
1184,0.6940000057220459,-3.59339040903638
1185,0.6704999804496765,-3.454104386742029
1186,0.6504999995231628,-3.483815620150619
1187,0.6480000019073486,-3.4584628998612668
1188,0.6629999876022339,-3.473907320140855
1189,0.6535000205039978,-3.479490134698081
1190,0.6865000128746033,-3.4998947790361967
1191,0.7200000286102295,-3.5346577269363553
1192,0.7135000228881836,-3.429199248280704
1193,0.7049999833106995,-3.404963774233832
1194,0.7695000171661377,-3.4631638377547884
1195,0.8240000009536743,-3.354212018996078
1196,0.7985000014305115,-3.288333592410084
1197,0.8165000081062317,-3.4997315388444648
1198,0.781000018119812,-3.4415045217104554
1199,0.8174999952316284,-3.6236175573765133
1200,0.8355000019073486,-3.6211678156154785
1201,0.8155000209808348,-3.624540433902327
1202,0.7870000004768372,-3.5427589959864845
1203,0.7239999771118164,-3.426648525377807
1204,0.7014999985694885,-3.174349420205801
1205,0.7505000233650208,-3.371958125979084
1206,0.7329999804496765,-3.569436239598981
1207,0.7250000238418579,-3.7108591898916066
1208,0.7584999799728394,-3.569938867538174
1209,0.7764999866485596,-3.499069846625422
1210,0.7369999885559082,-3.4071709334773868
1211,0.7415000200271606,-3.3264888992714394
1212,0.7124999761581421,-3.268516992390555
1213,0.7149999737739563,-3.17833703642429
1214,0.7400000095367432,-3.309288697859853
1215,0.7124999761581421,-3.2443631384395486
1216,0.6834999918937683,-3.2094096171062523
1217,0.6769999861717224,-3.201589273037243
1218,0.675000011920929,-3.1751785285284573
1219,0.6974999904632568,-3.220270784281707
1220,0.6800000071525574,-3.2101039573636414
1221,0.6740000247955322,-3.1973283244046913
1222,0.6370000243186951,-3.25278936935973
1223,0.6654999852180481,-3.2642985621335243
1224,0.6945000290870667,-3.294248581776066
1225,0.7005000114440918,-3.302817932585277
1226,0.7409999966621399,-3.29549755905699
1227,0.7129999995231628,-3.16338537374672
1228,0.7264999747276306,-3.2600239468802696
1229,0.715499997138977,-3.2471591012583962
1230,0.703000009059906,-3.176033451579108
1231,0.8395000100135804,-3.1192015686418757
1232,0.8410000205039977,-2.688264925374286
1233,0.8454999923706056,-3.6736457409737078
1234,0.8090000152587891,-3.9950535303862327
1235,0.8345000147819519,-3.915413576008899
1236,0.824500024318695,-3.7858464191762327
1237,0.8159999847412109,-3.5782341266766164
1238,0.8025000095367432,-3.5044237452858704
1239,0.8059999942779541,-3.3745676912766744
1240,0.8054999709129333,-3.2711660390368436
1241,0.8659999966621397,-3.20422617157624
1242,0.8865000009536741,-3.108853658999494
1243,0.8470000028610231,-3.071220530937503
1244,0.8659999966621397,-3.2409760942752914
1245,0.9405000209808347,-3.304811361066169
1246,0.996999979019165,-3.133626686794022
1247,0.9804999828338625,-3.2630784366074175
1248,0.9580000042915344,-3.468177969039423
1249,0.9695000052452087,-3.4746931508312846
1250,0.9380000233650205,-3.3360008672808132
1251,0.9375000000000001,-3.288710942992831
1252,0.9725000262260434,-3.2986215207727128
1253,0.9735000133514405,-3.2034813407479197
1254,0.9530000090599058,-3.150287436316188
1255,0.9455000162124634,-3.0767063504505723
1256,0.9185000061988831,-3.0100470283427354
1257,0.9114999771118163,-2.8914636586434987
1258,0.8980000019073486,-2.9775333784332996
1259,0.8985000252723692,-3.0351993048617754
1260,0.899500012397766,-2.964047271011963
1261,0.9085000157356261,-3.0401807881080636
1262,0.9290000200271604,-3.0258067299693776
1263,0.8650000095367433,-3.016870468357123
1264,0.8569999933242798,-2.929252244515988
1265,0.8539999723434448,-3.1586798803129645
1266,0.8715000152587888,-3.1772854658868552
1267,0.8410000205039977,-3.240702761861229
1268,0.9204999804496764,-3.1603138007436935
1269,0.9390000104904174,-3.1420005290015083
1270,0.915000021457672,-3.1992705030579462
1271,0.877499997615814,-3.233737720471223
1272,0.8765000104904175,-3.216946758424025
1273,0.8755000233650206,-3.3031573203327382
1274,0.7670000195503235,-3.2490302894096654
1275,0.7925000190734863,-3.060936968300932
1276,0.7929999828338623,-3.3609397926655435
1277,0.8124999999999999,-3.490011534497721
1278,0.6775000095367432,-3.4508414810491583
1279,0.6660000085830688,-3.275378774868581
1280,0.7124999761581421,-3.473994634662014
1281,0.7605000138282776,-3.5552157411290284
1282,0.746999979019165,-3.6101650470644056
1283,0.7799999713897705,-3.4347847202364
1284,0.7480000257492065,-3.2975536262161045
1285,0.7774999737739563,-3.286530357733977
1286,0.7714999914169312,-3.2745428332355737
1287,0.796999990940094,-3.2910722313476484
1288,0.8144999742507935,-3.309984556630654
1289,0.8080000281333922,-3.1978734707194048
1290,0.7774999737739563,-3.3220172569030484
1291,0.7645000219345093,-3.361226412071956
1292,0.7749999761581421,-3.3684868043204905
1293,0.7275000214576721,-3.278344051932806
1294,0.7049999833106995,-3.281816892104811
1295,0.6244999766349792,-3.24786596925143
1296,0.6464999914169312,-3.7358740409469093
1297,0.7164999842643738,-3.905968422589629
1298,0.7384999990463257,-3.761007715676659
1299,0.7225000262260437,-3.6402498347722143
1300,0.7080000042915344,-3.5355498535655867
1301,0.6919999718666077,-3.357211082983708
1302,0.6434999704360962,-3.328258726652494
1303,0.6869999766349792,-3.291300008359367
1304,0.6800000071525574,-3.224563621695899
1305,0.6949999928474426,-3.1843970438210665
1306,0.7129999995231628,-3.1980898588805378
1307,0.7229999899864197,-3.2269302248476563
1308,0.6965000033378601,-3.2435765484924133
1309,0.6955000162124634,-3.1789808861107485
1310,0.7310000061988831,-3.145280517970258
1311,0.7450000047683716,-3.219956452005535
1312,0.7749999761581421,-3.255417916074964
1313,0.7990000247955321,-3.1992697438012407
1314,0.7689999938011169,-3.088900013144581
1315,0.7864999771118164,-3.1343430454958776
1316,0.7584999799728394,-3.19997205625404
1317,0.7465000152587891,-3.2766228169809186
1318,0.7260000109672546,-3.2452294503407857
1319,0.7285000085830688,-3.2977878569098222
1320,0.7570000290870667,-3.2274598063999025
1321,0.746999979019165,-3.1603665690847413
1322,0.7300000190734863,-3.240632530615949
1323,0.7415000200271606,-3.1932055604925824
1324,0.7124999761581421,-3.1718396971650136
1325,0.765500009059906,-3.145101333387706
1326,0.8255000114440918,-3.1515337561986425
1327,0.8565000295639038,-3.0744534459904975
1328,0.8554999828338623,-3.086375104969679
1329,0.8374999761581421,-3.291033888884009
1330,0.8305000066757203,-3.317763900837554
1331,0.8355000019073486,-3.36632785787775
1332,0.8675000071525574,-3.2918117473790285
1333,0.8865000009536741,-3.0674390529146196
1334,0.8604999780654907,-3.0754374426811224
1335,0.7929999828338623,-3.2042440141088244
1336,0.8025000095367432,-3.0744881819847847
1337,0.796500027179718,-3.2921928942453045
1338,0.7864999771118164,-3.363104433533577
1339,0.8575000166893006,-3.325030746768087
1340,0.8504999876022338,-3.297107183273136
1341,0.796500027179718,-3.4491654218712617
1342,0.8475000262260437,-3.4078967828880637
1343,0.8504999876022338,-3.3960990725660922
1344,0.8374999761581421,-3.4129857009582127
1345,0.8274999856948854,-3.430488466167032
1346,0.8320000171661376,-3.348588204576743
1347,0.8470000028610231,-3.3458396953020038
1348,0.8429999947547913,-3.283885107371217
1349,0.8980000019073486,-3.2351575305109366
1350,0.9229999780654908,-3.1106204493537257
1351,0.9599999785423278,-3.177078568434544
1352,0.9470000267028806,-3.231499431702734
1353,0.974500000476837,-3.2043294304882193
1354,0.9369999766349792,-3.407982578895811
1355,0.9520000219345089,-3.3343642894516146
1356,0.9629999995231627,-3.5393985258069276
1357,0.9689999818801879,-3.4781504262408216
1358,0.987500011920929,-3.3293478803968624
1359,0.9929999709129332,-3.2963312229198807
1360,0.9649999737739564,-3.113217107287319
1361,0.9294999837875365,-3.133343863671138
1362,0.92849999666214,-3.449613383327642
1363,0.9539999961853026,-3.5218338811765912
1364,0.967999994754791,-3.4531306400169317
1365,0.990000009536743,-3.3444798665420428
1366,0.9390000104904174,-3.2710870763394477
1367,0.9359999895095824,-3.0550265344751844
1368,0.9670000076293942,-3.226690299728646
1369,0.955999970436096,-3.267542106780399
1370,0.9754999876022338,-3.2887880075484626
1371,0.9499999880790708,-3.2241224935498702
1372,0.9909999966621399,-3.2051319648261747
1373,1.0204999446868894,-3.0619105252118533
1374,1.0605000257492063,-2.9574081405628916
1375,1.1104999780654905,-3.2617535336559205
1376,1.1210000514984129,-3.4169152340387137
1377,1.0644999742507937,-3.2154502634570328
1378,1.1449999809265137,-3.7100748777145887
1379,1.1699999570846555,-3.743568728031121
1380,1.1994999647140503,-3.705776725503456
1381,1.2124999761581419,-3.5666193972207263
1382,1.1699999570846555,-3.4754645556443053
1383,1.2039999961853027,-3.431380592796264
1384,1.167500019073486,-3.274827174871869
1385,1.2055000066757202,-3.1643241946633545
1386,1.187000036239624,-2.8132093477541207
1387,1.1694999933242796,-2.9079406680428783
1388,1.128999948501587,-2.8800865765365016
1389,1.1304999589920044,-2.8564121931951636
1390,1.0839999914169312,-2.9716941249237134
1391,1.093000054359436,-3.0930056937808112
1392,1.1065000295639036,-3.114480320631476
1393,1.1150000095367432,-3.100818824911116
1394,1.1089999675750732,-3.057060393375656
1395,1.1254999637603758,-3.040238871246052
1396,1.123000025749206,-2.92879137569561
1397,1.1050000190734863,-2.8909659658728937
1398,1.0844999551773071,-2.817227903683368
1399,1.096500039100647,-2.7467223769184845
1400,1.1119999885559082,-2.778176294280899
1401,1.093999981880188,-2.8031708352193236
1402,1.0149999856948853,-2.8388420439537105
1403,0.9430000185966492,-2.597236120411016
1404,0.9624999761581419,-2.673532308256319
1405,0.9445000290870665,-3.356022846239242
1406,0.9785000085830688,-3.56323387156988
1407,1.0260000228881836,-3.4565780450892944
1408,1.0349999666213987,-3.2765362617164655
1409,1.0774999856948853,-3.2225975264564135
1410,1.0509999990463257,-3.134154749832857
1411,1.0724999904632568,-3.1804435941543354
1412,1.065999984741211,-3.1638211870958086
1413,1.1019999980926514,-3.076202203997968
1414,1.13699996471405,-3.045084447542015
1415,1.1134999990463255,-3.01996064314944
1416,1.090000033378601,-3.002311341396415
1417,1.0700000524520872,-2.977275800595881
1418,1.0540000200271606,-3.033918248985034
1419,1.0585000514984129,-3.014026482551638
1420,1.0894999504089353,-2.9882037823614396
1421,1.1054999828338623,-2.899491469607349
1422,1.0889999866485593,-2.784297611656663
1423,1.0809999704360962,-3.3393161616863796
1424,1.1039999723434446,-3.4346290726117257
1425,1.090999960899353,-3.3805308934434706
1426,1.0924999713897703,-3.2845001053028575
1427,1.1080000400543213,-3.153914785227809
1428,1.102499961853027,-3.075399479845836
1429,1.1085000038146973,-2.9989687137494427
1430,1.1045000553131104,-2.9165069818252665
1431,1.0720000267028809,-2.8950853131298264
1432,1.0700000524520872,-2.7995774630452845
1433,1.0390000343322754,-2.8075297279669145
1434,1.0564999580383299,-2.9153407635252666
1435,1.003000020980835,-2.9870650871170223
1436,1.003000020980835,-2.8882206834391537
1437,1.0694999694824219,-3.0883571445999847
1438,1.059499979019165,-3.0979607928565756
1439,1.0679999589920042,-3.143074117983409
1440,1.0889999866485593,-3.1132436812720194
1441,1.0889999866485593,-2.9636554945518068
1442,1.093999981880188,-2.9374123559608107
1443,1.0820000171661375,-2.964091877343425
1444,1.0809999704360962,-2.978199816006753
1445,1.100499987602234,-2.913323038829792
1446,1.090499997138977,-2.8795556662850204
1447,1.1134999990463255,-2.8537519475124653
1448,1.1210000514984129,-2.806149968718428
1449,1.1345000267028809,-2.80641058358267
1450,1.1484999656677246,-2.8007833525081587
1451,1.1440000534057613,-2.794008884551291
1452,1.139000058174133,-2.831182852120492
1453,1.1679999828338623,-2.8231969900896337
1454,1.2209999561309812,-2.758405249663714
1455,1.2354999780654907,-2.640676233572599
1456,1.3274999856948853,-2.7880853535473693
1457,1.3389999866485593,-2.7555261482355893
1458,1.327000021934509,-3.0240761941228445
1459,1.3724999427795408,-3.0711117674144077
1460,1.396499991416931,-3.0098498114134222
1461,1.3114999532699583,-2.938530361459997
1462,1.3450000286102293,-2.955473554476694
1463,1.3880000114440918,-3.028419711922144
1464,1.3884999752044678,-2.968622741734863
1465,1.3589999675750732,-2.831514647300896
1466,1.3014999628067017,-2.913110636766364
1467,1.2769999504089355,-2.8366153338499838
1468,1.319000005722046,-2.844287622861376
1469,1.3324999809265134,-2.9402884203621125
1470,1.3109999895095823,-2.8985892828267663
1471,1.340999960899353,-2.8805077741940046
1472,1.3259999752044678,-2.7964464782050342
1473,1.253000020980835,-2.7972801420679247
1474,1.2834999561309814,-2.6537624025241926
1475,1.2875000238418577,-2.79706280483591
1476,1.252500057220459,-2.927148154370236
1477,1.256500005722046,-2.874042893158898
1478,1.2189999818801878,-2.9893999913013154
1479,1.249500036239624,-2.921642594182818
1480,1.2625000476837156,-2.9699491631997716
1481,1.2790000438690186,-2.9351939976808468
1482,1.2714999914169312,-2.898646416893872
1483,1.25600004196167,-2.8260760915177583
1484,1.4485000371932983,-2.681998400153551
1485,1.4555000066757202,-2.447430406644612
1486,1.444499969482422,-3.529045301367606
1487,1.434499979019165,-3.874132788918409
1488,1.4329999685287473,-3.7489947560786137
1489,1.4715000391006468,-3.514570831529587
1490,1.4980000257492063,-3.1985461721606807
1491,1.5440000295639038,-2.995288216868421
1492,1.5349999666213987,-2.8619972855225067
1493,1.5225000381469729,-2.953092145819175
1494,1.5479999780654907,-2.977422906582616
1495,1.5850000381469729,-2.9403818089369174
1496,1.647500038146973,-2.7813160105732653
1497,1.6299999952316284,-2.507597514475936
1498,1.6315000057220457,-2.736325874846936
1499,1.652500033378601,-2.796550496373719
1500,1.5779999494552612,-2.641243398331779
1501,1.574000000953674,-2.5367271572479377
1502,1.587499976158142,-2.5830072701173004
1503,1.649999976158142,-2.647709987694473
1504,1.6360000371932983,-2.52194082271804
1505,1.7424999475479128,-2.52491274327844
1506,1.7430000305175781,-2.395636761392421
1507,1.777500033378601,-2.5070440163374594
1508,1.7944999933242798,-2.5248147991634013
1509,1.7699999809265134,-2.50528083245258
1510,1.7615000009536743,-2.5243694951054914
1511,1.7695000171661375,-2.519319678755687
1512,1.7760000228881836,-2.546332513832116
1513,1.667500019073486,-2.5825090079041657
1514,1.684000015258789,-2.473544471595634
1515,1.7035000324249265,-2.5585637597330586
1516,1.7324999570846558,-2.5447786949838416
1517,1.7599999904632568,-2.5842347983962877
1518,1.7065000534057617,-2.5575805222991392
1519,1.7920000553131104,-2.5188318563222563
1520,1.7920000553131104,-2.4119296510406616
1521,1.7925000190734863,-2.3363659561022105
1522,1.774999976158142,-2.2765124212903527
1523,1.7519999742507937,-2.4429805929065105
1524,1.7790000438690186,-2.417131128917435
1525,1.7699999809265134,-2.3568311511626083
1526,1.7695000171661375,-2.363465156628916
1527,1.8359999656677248,-2.404121455078944
1528,1.815000057220459,-2.3091190801462407
1529,1.815999984741211,-2.4032712773827036
1530,1.862499952316284,-2.415904359895153
1531,1.892500042915344,-2.2981440244649267
1532,1.896000027656555,-2.265695101189654
1533,1.9524999856948853,-2.2623528531710346
1534,2.025500059127808,-2.116855731395467
1535,2.025000095367432,-1.9652913892844182
1536,1.912500023841858,-2.1308144761161194
1537,1.8825000524520874,-2.185859448396419
1538,1.963500022888184,-2.1916474520783678
1539,1.9214999675750728,-2.322472317644074
1540,1.8839999437332156,-2.4027559318936897
1541,1.815999984741211,-2.350131469991255
1542,1.7489999532699583,-2.249405818010766
1543,1.766499996185303,-2.1519810345584345
1544,1.743499994277954,-2.360302093192849
1545,2.005500078201294,-2.362807830135931
1546,2.065500020980835,-2.1908418807135894
1547,2.0799999237060547,-2.76116723574498
1548,2.1040000915527344,-3.30025126529156
1549,2.069499969482422,-3.249942536341599
1550,2.032999992370605,-2.924603505520985
1551,2.0820000171661377,-2.6386266200954833
1552,2.001499891281128,-2.371123779019605
1553,1.9824999570846562,-2.264262193971767
1554,1.933500051498413,-2.261019788209951
1555,1.947000026702881,-2.2353371708819596
1556,1.950500011444092,-2.1512802406190468
1557,1.9574999809265137,-2.2175375363012
1558,1.9464999437332158,-2.231852182602663
1559,1.9924999475479128,-2.161809043171568
1560,2.010499954223633,-2.0778333533761684
1561,2.015000104904175,-2.019900168587276
1562,2.005000114440918,-2.0615036397777002
1563,2.151000022888184,-2.0758763692171516
1564,2.178499937057495,-1.8060147073707498
1565,2.187999963760376,-1.8571267299153722
1566,2.2850000858306885,-2.0197234515890172
1567,2.260999917984009,-1.9242529948972324
1568,2.2925000190734863,-1.9850064387195556
1569,2.296499967575073,-2.083541635104016
1570,2.2939999103546143,-2.051822737151302
1571,2.296999931335449,-2.005114972942437
1572,2.315999984741211,-1.8480205846152107
1573,2.366499900817871,-1.8038692377345358
1574,2.309499979019165,-1.6978198675476512
1575,2.364500045776367,-1.7158423439715422
1576,2.325999975204468,-1.8080282561543433
1577,2.364000082015991,-1.9266169406505198
1578,2.3340001106262207,-1.9449484345536425
1579,2.311000108718872,-1.8997153366814803
1580,2.259500026702881,-1.8792647573126677
1581,2.2839999198913574,-1.8162177887965134
1582,2.275500059127808,-1.9775243435129484
1583,2.312000036239624,-2.0195070634278847
1584,2.308000087738037,-1.861176605183731
1585,2.3945000171661377,-1.8210677308185343
1586,2.378999948501587,-1.7591704667690302
1587,2.373500108718872,-1.8217045573804647
1588,2.5220000743865967,-1.7479463748882373
1589,2.4804999828338623,-1.5436448212539529
1590,2.502500057220459,-1.8627038500473052
1591,2.427999973297119,-2.1227667346637444
1592,2.493000030517578,-2.1151874545988036
1593,2.421499967575073,-2.1915576699729153
1594,2.4560000896453857,-2.116591320247697
1595,2.504499912261963,-1.9635923625911729
1596,2.6445000171661377,-2.0217419355411983
1597,2.7074999809265137,-1.8192026167209108
1598,2.745500087738037,-1.9157614679003585
1599,2.7850000858306885,-1.5912585685269287
1600,2.8929998874664307,-1.8179194728882286
1601,2.9030001163482666,-1.7148786573977957
1602,2.914999961853028,-2.026963343906497
1603,2.995500087738037,-2.046151279373682
1604,2.927500009536743,-1.8153581203914517
1605,2.995500087738037,-1.639986525015562
1606,2.984499931335449,-1.5231748808391443
1607,2.9795000553131104,-1.4259514902280073
1608,2.9674999713897705,-1.4399105196699244
1609,2.701499938964844,-1.3363945992958814
1610,2.7160000801086426,-1.249942024312217
1611,2.7255001068115234,-2.102646431961924
1612,2.740999937057495,-2.3906340189583726
1613,2.8364999294281006,-2.3489903071625444
1614,2.8345000743865967,-2.002016066698004
1615,2.7915000915527344,-1.772747684995054
1616,2.7214999198913574,-1.603375925922012
1617,2.836999893188477,-1.584862590037867
1618,2.8429999351501465,-1.4912983422129031
1619,2.836999893188477,-1.4874776675625863
1620,2.749500036239624,-1.4534640111238941
1621,2.7155001163482666,-1.319956691616847
1622,2.5989999771118164,-1.3337010412252193
1623,2.611500024795532,-1.3938813411418052
1624,2.7065000534057617,-1.4446534064964376
1625,2.740000009536743,-1.5613241136468543
1626,2.622499942779541,-1.629968132783467
1627,2.5179998874664307,-1.5833932384981049
1628,2.424999952316284,-1.5073581400524845
1629,2.4765000343322754,-1.6503154532403004
1630,2.442500114440918,-1.7712604909227072
1631,2.428999900817871,-1.9506083136665
1632,2.566499948501587,-2.089766780834289
1633,2.623500108718872,-2.011366502843234
1634,2.6480000019073486,-1.87438805149177
1635,2.698499917984009,-1.9511625710616822
1636,2.7325000762939453,-1.959427839560249
1637,2.696500062942505,-1.6187250594850309
1638,2.575500011444092,-1.6510306730570972
1639,2.5899999141693115,-1.508887377964911
1640,2.578000068664551,-1.5809846864133559
1641,2.553999900817871,-1.6994129779304472
1642,2.4670000076293945,-1.6862472768389287
1643,2.4600000381469727,-1.6522504189548508
1644,2.539999961853028,-1.7245168518344969
1645,2.549499988555908,-1.749850211077853
1646,2.5204999446868896,-1.8145738082144336
1647,2.4749999046325684,-1.6867854000291143
1648,2.378999948501587,-1.6716953628169253
1649,2.4375,-1.6894811409628052
1650,2.461999893188477,-1.8811928897168666
1651,2.494499921798706,-1.9999406384928935
1652,2.624000072479248,-1.9599186990205026
1653,2.6659998893737797,-1.7915844642358394
1654,2.673500061035156,-1.8322971374962673
1655,2.673500061035156,-1.6823052160227834
1656,2.6414999961853027,-1.5567981844240033
1657,2.63100004196167,-1.5670160713555288
1658,2.595000028610229,-1.5008308101533316
1659,2.6635000705718994,-1.4197869901271047
1660,2.65149998664856,-1.3141377482241394
1661,2.595000028610229,-1.5005918341052034
1662,2.51200008392334,-1.4747452173287743
1663,2.5794999599456787,-1.5165151555519298
1664,2.6475000381469727,-1.5569707255103804
1665,2.745500087738037,-1.7248892672486569
1666,2.789999961853028,-1.6457686444580417
1667,2.809000015258789,-1.7573782413151569
1668,2.7860000133514404,-1.7393168529850973
1669,2.8304998874664307,-1.7854542255937829
1670,2.809999942779541,-1.733813760381973
1671,2.858999967575073,-1.6404952270084006
1672,2.8554999828338623,-1.4386216814119495
1673,2.8515000343322754,-1.4882389173171677
1674,2.7869999408721924,-1.4290616904159381
1675,2.5980000495910645,-1.2205677110667943
1676,2.4609999656677246,-1.195280476668311
1677,2.5199999809265137,-1.5755438528601013
1678,2.4135000705718994,-2.1892857840951976
1679,2.246999979019165,-2.3135694633268717
1680,2.2695000171661377,-2.038048871438494
1681,2.302000045776367,-2.4111844405839884
1682,2.317500114440918,-2.8028006975752806
1683,2.2929999828338623,-2.894479616092831
1684,2.2795000076293945,-2.6357325233474205
1685,2.3570001125335693,-2.3525204712158314
1686,2.3529999256134038,-2.0232114768951366
1687,2.319000005722046,-1.89643591715526
1688,2.27649998664856,-1.8455178846989513
1689,2.243499994277954,-1.6896563394476523
1690,2.2325000762939453,-1.8173739469451624
1691,2.258500099182129,-1.8884384764596391
1692,2.198499917984009,-1.9010284711540386
1693,2.115999937057495,-1.8792387527704966
1694,2.1470000743865967,-1.908913352043035
1695,2.182499885559082,-2.0777196546844854
1696,2.150500059127808,-2.1067805847246186
1697,2.1484999656677246,-2.029795751047219
1698,2.1005001068115234,-2.0275339253208524
1699,2.158499956130981,-1.9356612065291645
1700,2.219500064849853,-1.8640864565084379
1701,2.2044999599456787,-1.9440272663554168
1702,2.174999952316284,-1.9775623063482348
1703,2.135499954223633,-1.9522817154459269
1704,2.077500104904175,-1.9325793835606102
1705,2.063999891281128,-1.928784808359553
1706,2.121999979019165,-1.9461471110778124
1707,2.053999900817871,-1.973949762942376
1708,2.1064999103546143,-1.97338240836902
1709,2.140000104904175,-1.972642133080934
1710,2.150500059127808,-1.968470966553835
1711,2.140000104904175,-1.9104647033070161
1712,2.0425000190734863,-1.8769241587030814
1713,2.0114998817443848,-1.8257252012656529
1714,1.981500029563904,-1.8731096530134985
1715,2.0994999408721924,-2.0882926839401157
1716,2.0850000381469727,-2.159458004782278
1717,2.138000011444092,-2.1668541141669615
1718,2.190000057220459,-2.0910446098700306
1719,2.1640000343322754,-1.9974654616322167
1720,2.236999988555908,-1.9349467459690735
1721,2.304500102996826,-1.8189871776306603
1722,2.3480000495910645,-1.741226953042535
1723,2.322000026702881,-1.7849012968978357
1724,2.2925000190734863,-1.7724606859602885
1725,2.4049999713897705,-1.7765923711386895
1726,2.3980000019073486,-1.6277465476625037
1727,2.3289999961853027,-1.7214877972069906
1728,2.3394999504089355,-1.675039508977309
1729,2.3494999408721924,-1.6461304302783217
1730,2.275000095367432,-1.6560747949816081
1731,2.3554999828338623,-1.6178931039497282
1732,2.259999990463257,-1.7216861530213625
1733,2.2860000133514404,-1.6701901363978173
1734,2.443000078201294,-1.792114235602262
1735,2.314500093460083,-1.607756077857363
1736,2.362499952316284,-1.8053792095080545
1737,2.400000095367432,-2.128708298014427
1738,2.3485000133514404,-2.086142468949491
1739,2.309499979019165,-2.074739192486146
1740,2.180000066757202,-1.9251747325379875
1741,2.220499992370605,-1.9009552028819359
1742,2.197499990463257,-1.9942426067305734
1743,2.213000059127808,-1.9859450698220131
1744,2.157000064849853,-2.004274855397548
1745,2.095000028610229,-1.8918773398940627
1746,2.062999963760376,-1.8721478645815162
1747,2.134999990463257,-1.9351099861608052
1748,2.151000022888184,-2.0707212059994275
1749,2.180500030517578,-2.0943208025552518
1750,2.1524999141693115,-2.0541056322512525
1751,2.1040000915527344,-2.092195263407563
1752,2.0994999408721924,-2.00971530932245
1753,2.0845000743865967,-1.9915388936014722
1754,2.049000024795532,-1.9278385846900379
1755,2.058500051498413,-1.9666107876247987
1756,2.0815000534057617,-1.9817287275209232
1757,2.180999994277954,-1.9605109192509713
1758,2.234499931335449,-1.869620678636497
1759,2.38100004196167,-1.845534018903948
1760,2.424999952316284,-1.6992675802713002
1761,2.5114998817443848,-1.8657936452112696
1762,2.5174999237060547,-1.8806169935055712
1763,2.470000028610229,-1.9377197412725726
1764,2.547499895095825,-2.0535764303273596
1765,2.588000059127808,-1.9095835859000174
1766,2.5969998836517334,-1.9686186419830993
1767,2.51200008392334,-1.911427630624057
1768,2.496999979019165,-1.7780662782186862
1769,2.462500095367432,-1.6722484813270488
1770,2.505500078201294,-1.6704285430034163
1771,2.5285000801086426,-1.5820911132477795
1772,2.4885001182556152,-1.6011843314409249
1773,2.4800000190734863,-1.5148859804756118
1774,2.4885001182556152,-1.5167438816345309
1775,2.450000047683716,-1.4840909081195934
1776,2.5404999256134038,-1.400642237385058
1777,2.5510001182556152,-1.455380185234978
1778,2.5899999141693115,-1.521016978374374
1779,2.6695001125335693,-1.5254473361593914
1780,2.685499906539917,-1.4246955847296432
1781,2.720000028610229,-1.537138940356737
1782,2.628000020980835,-1.5926749619114664
1783,2.629499912261963,-1.5663976567687126
1784,2.562000036239624,-1.5773806846454363
1785,2.549999952316284,-1.5012504892974234
1786,2.4749999046325684,-1.4655982619806798
1787,2.4159998893737797,-1.4271100210538616
1788,2.452500104904175,-1.5774197863657815
1789,2.4800000190734863,-1.6733571859315899
1790,2.4749999046325684,-1.7251436182450761
1791,2.433500051498413,-1.6677578575410144
1792,2.3550000190734863,-1.6048416709924218
1793,2.3010001182556152,-1.508083325113544
1794,2.3494999408721924,-1.5862345669051194
1795,2.23799991607666,-1.7457758497807345
1796,2.2909998893737797,-1.7939797293282382
1797,1.9989999532699583,-1.7323235292828032
1798,1.9390000104904175,-1.6534265075920251
1799,1.95550000667572,-2.729837456853952
1800,1.8984999656677246,-3.07987150184258
1801,1.9290000200271609,-3.0261874972073004
1802,1.9459999799728398,-2.888399298579176
1803,1.9149999618530276,-2.7234276219300106
1804,1.8804999589920044,-2.519904686047451
1805,1.8559999465942387,-2.327262468200519
1806,1.780500054359436,-2.229986309248334
1807,1.774500012397766,-2.2983718014766454
1808,1.766000032424927,-2.2841822427174514
1809,1.8550000190734863,-2.425558688536851
1810,1.8279999494552608,-2.447372323506624
1811,1.8144999742507932,-2.482117618688374
1812,1.8064999580383299,-2.49345275186238
1813,1.897500038146973,-2.555491427473326
1814,1.9114999771118162,-2.385932321808145
1815,1.9680000543594358,-2.2548882208686596
1816,1.93149995803833,-2.299404390596437
1817,1.9754999876022339,-2.27379656005396
1818,1.972499966621399,-2.4448035682569658
1819,1.9524999856948853,-2.4261679920431987
1820,2.015000104904175,-2.27696531791532
1821,2.009500026702881,-2.207311866988441
1822,1.995000004768372,-2.1670583542208024
1823,1.9155000448226929,-2.1837593443483723
1824,1.906999945640564,-2.062440182924217
1825,1.9119999408721922,-2.0959786395722113
1826,1.9589999914169314,-2.1226813182843496
1827,1.937000036239624,-2.0885439979097122
1828,1.92550003528595,-2.0770871938486133
1829,1.900500059127808,-2.0447958163397795
1830,1.903499960899353,-2.031293954341799
1831,1.928500056266785,-2.052008185601676
1832,2.000499963760376,-2.126793262788402
1833,2.133500099182129,-2.032351409118703
1834,2.1105000972747803,-1.878054691937912
1835,2.128499984741211,-2.1276290146072334
1836,2.1480000019073486,-2.2269496620537703
1837,2.1635000705718994,-2.337607530630254
1838,2.164499998092652,-2.2592647663346583
1839,2.069000005722046,-2.241423372635084
1840,2.0915000438690186,-2.0722114370985976
1841,2.046999931335449,-2.1958937850193343
1842,1.996500015258789,-2.220858145503706
1843,1.9715000391006468,-2.135871125776275
1844,2.0420000553131104,-2.0691776371166806
1845,2.0429999828338623,-2.1845588416595048
1846,2.0234999656677246,-2.25239083574934
1847,2.05049991607666,-2.2382823276434824
1848,2.0480000972747803,-2.3103020020937666
1849,2.068000078201294,-2.3622040312407
1850,2.057499885559082,-2.252403553299161
1851,2.0,-2.0520195744522622
1852,2.007499933242798,-2.0653221315649883
1853,2.010999917984009,-2.114737974629012
1854,1.9989999532699583,-2.165801784372821
1855,1.955000042915344,-2.0959849034400335
1856,1.9275000095367432,-2.130821689054824
1857,1.963500022888184,-2.202479198056475
1858,1.9164999723434448,-2.231826747503021
1859,1.917500019073486,-2.233343362772715
1860,1.9735000133514404,-2.287617309868346
1861,1.7300000190734866,-2.0352130476425963
1862,1.6985000371932983,-2.0436134638347827
1863,1.6914999485015871,-3.0796264517408063
1864,1.71150004863739,-3.2815693744187433
1865,1.722499966621399,-3.174912788681452
1866,1.7065000534057617,-3.0131161337614687
1867,1.7549999952316282,-2.823414137507472
1868,1.8120000362396238,-2.6428298652183995
1869,1.7960000038146973,-2.394556149285992
1870,1.8454999923706052,-2.4050748916871627
1871,1.8279999494552608,-2.4734843005017053
1872,1.866000056266785,-2.4469795979755853
1873,1.8700000047683718,-2.4021823134525118
1874,1.9045000076293943,-2.3482302912001094
1875,1.9414999485015871,-2.205352605059307
1876,2.0230000019073486,-2.294236889457245
1877,2.0445001125335693,-2.1777849431451664
1878,2.003499984741211,-2.228037297284727
1879,1.995000004768372,-2.340884292758004
1880,2.0185000896453857,-2.286843247656855
1881,1.9275000095367432,-2.214695258823303
1882,1.902500033378601,-2.0951510497629666
1883,1.9155000448226929,-2.220520466083833
1884,1.9375,-2.306578607208871
1885,1.9544999599456787,-2.321308566928368
1886,1.947000026702881,-2.3192625599206047
1887,1.9839999675750728,-2.043173284759636
1888,1.9989999532699583,-2.0919735604494902
1889,2.008500099182129,-2.0952406420542427
1890,2.004499912261963,-2.129964108605703
1891,1.9744999408721926,-2.0902536541968373
1892,1.909999966621399,-2.1466184044458703
1893,1.9359999895095825,-2.130498625326536
1894,1.9910000562667847,-2.1435790998528366
1895,1.9524999856948853,-2.1113562452616947
1896,1.9915000200271606,-2.1528101428810906
1897,2.0220000743865967,-2.1073773604953216
1898,2.049999952316284,-2.080147757629407
1899,2.002500057220459,-2.0030987667603735
1900,2.000499963760376,-2.017624866054382
1901,1.9474999904632566,-2.002870610120302
1902,1.969499945640564,-1.9700788824423927
1903,1.9759999513626094,-2.037032226709523
1904,1.9464999437332158,-2.0425560090578787
1905,2.112499952316284,-2.070065777648207
1906,2.2314999103546143,-1.6446143844511572
1907,2.240999937057495,-1.8444532169833425
1908,2.248500108718872,-2.508160123694881
1909,2.2144999504089355,-2.7009551419538416
1910,2.2260000705718994,-2.577964287077848
1911,2.1070001125335693,-2.2127593440378703
1912,2.088500022888184,-1.964003879725678
1913,2.052500009536743,-2.354654741815636
1914,2.115999937057495,-2.4027109459338756
1915,2.0920000076293945,-2.323780327133869
1916,2.0820000171661377,-2.314789588852978
1917,2.115000009536743,-2.2272742442954696
1918,2.130000114440918,-2.160689329344794
1919,2.227499961853028,-1.9487815420325159
1920,2.2290000915527344,-2.1692674116061212
1921,2.197999954223633,-2.3612065577435484
1922,2.118000030517578,-2.2883222797196154
1923,2.058000087738037,-2.102035799756341
1924,2.0190000534057617,-2.1880210522376293
1925,2.046999931335449,-2.26658115376524
1926,2.066999912261963,-2.2968844175901224
1927,2.115499973297119,-2.3017827622271336
1928,2.111000061035156,-2.2319721451621684
1929,2.1610000133514404,-2.200880583062563
1930,2.124000072479248,-2.103354818468369
1931,2.094000101089477,-2.0193248418185097
1932,1.7875000238418577,-1.6351485412866564
1933,1.7860000133514404,-1.4852720268324433
1934,1.7845000028610232,-3.5083088618490863
1935,1.815000057220459,-4.155127621655093
1936,1.7944999933242798,-3.8159182995200442
1937,1.7890000343322754,-3.4138094944839286
1938,1.7890000343322754,-3.033717235772192
1939,1.8014999628067017,-2.7662943064645917
1940,1.807000041007996,-2.604761113621497
1941,1.7829999923706057,-2.5091847406192627
1942,1.7845000028610232,-2.3852142547787016
1943,1.7654999494552612,-2.278005879230522
1944,1.7359999418258667,-2.244269826024862
1945,1.7070000171661377,-2.1708698228835623
1946,1.7345000505447388,-2.1344327139472714
1947,1.749500036239624,-2.291308436343248
1948,1.7589999437332153,-2.4209386114824896
1949,1.7695000171661375,-2.3657030657690528
1950,1.774999976158142,-2.413545918752982
1951,1.7825000286102295,-2.3943287519026266
1952,1.7925000190734863,-2.318904000941324
1953,1.815999984741211,-2.2409188465541265
1954,1.7914999723434448,-2.232026621830804
1955,1.7699999809265134,-2.1527533884423375
1956,1.7454999685287478,-2.0782750509647263
1957,1.7374999523162842,-2.15896790457873
1958,1.7300000190734866,-2.169539984763478
1959,1.7089999914169314,-2.2869529602508334
1960,1.6935000419616701,-2.316689059316536
1961,1.6985000371932983,-2.298154274430454
1962,1.7079999446868896,-2.2913433621517116
1963,1.683500051498413,-2.2600917867013735
1964,1.6575000286102297,-2.237737940585475
1965,1.659000039100647,-2.267883089201389
1966,1.6440000534057613,-2.2688014101869682
1967,1.6694999933242798,-2.3139236565800942
1968,1.6714999675750732,-2.3335942894979467
1969,1.7159999608993528,-2.272653499083485
1970,1.7135000228881836,-2.2772648446857304
1971,1.7005000114440916,-2.3002270452370945
1972,1.75,-2.2295066488244895
1973,1.7640000581741333,-2.156713481605244
1974,1.7410000562667847,-2.2288728592893823
1975,1.7450000047683718,-2.2294176259757426
1976,1.7300000190734866,-2.2483394419675697
1977,1.7300000190734866,-2.229531514481602
1978,1.7315000295639038,-2.1699291038251642
1979,1.7150000333786013,-2.0728125785953586
1980,1.6985000371932983,-2.142833889396164
1981,1.6510000228881836,-2.163727874681122
1982,1.649999976158142,-2.145142409409933
1983,1.6390000581741333,-2.1736037164667166
1984,1.662500023841858,-2.25478761935515
1985,1.6864999532699585,-2.2657435038046443
1986,1.6519999504089358,-2.3760037116815025
1987,1.6764999628067019,-2.4579455425764305
1988,1.6354999542236328,-2.4934842610156673
1989,1.5859999656677244,-2.2614127035551657
1990,1.6260000467300415,-2.130853198208112
1991,1.618000030517578,-2.9023933487366453
1992,1.6549999713897707,-3.228578191527441
1993,1.6605000495910647,-3.2139097316011087
1994,1.6979999542236326,-3.0930603602636237
1995,1.6979999542236326,-2.8579982804534314
1996,1.72599995136261,-2.744389181061779
1997,1.7319999933242798,-2.5298541757335014
1998,1.71150004863739,-2.461498674145066
1999,1.6909999847412112,-2.346803837664221
2000,1.6924999952316284,-2.2786011364878136
2001,1.6950000524520874,-2.2710013564918183
2002,1.7269999980926516,-2.3140041377909015
2003,1.736500024795532,-2.2707325796179902
2004,1.766499996185303,-2.241523974148593
2005,1.7795000076293945,-2.0679203080119932
2006,1.774999976158142,-2.2070774464805467
2007,1.7840000391006472,-2.243398958583391
2008,1.7769999504089355,-2.2174661661708615
2009,1.7625000476837158,-2.2032764175974906
2010,1.7725000381469729,-2.243806679434367
2011,1.774999976158142,-2.192683457853335
2012,1.7755000591278074,-2.1910618753440745
2013,1.8250000476837163,-2.1163236822589275
2014,1.8205000162124636,-1.9969765003137272
2015,1.7795000076293945,-2.196273413372199
2016,1.78849995136261,-2.230932153289496
2017,1.7675000429153442,-2.2284712124920514
2018,1.7415000200271606,-2.1672409554585306
2019,1.7599999904632568,-2.1409909835571828
2020,1.747499942779541,-2.172959487151905
2021,1.743499994277954,-2.1678633561430516
2022,1.7519999742507937,-2.130778221608421
2023,1.7619999647140503,-2.1132847572942466
2024,1.7790000438690186,-2.065540607682062
2025,1.7654999494552612,-2.094482524233572
2026,1.7845000028610232,-2.089984687508833
2027,1.7690000534057615,-2.093313268906749
2028,1.7610000371932983,-2.1229064378975986
2029,1.7714999914169312,-2.162569059134003
2030,1.7510000467300417,-2.07064926642656
2031,1.725000023841858,-2.1063030122567152
2032,1.6855000257492063,-2.0962607034383893
2033,1.667500019073486,-2.0745941744553518
2034,1.6545000076293943,-2.192759003895555
2035,1.6454999446868896,-2.2239407277289662
2036,1.7039999961853027,-2.3086999704446782
2037,1.7029999494552612,-2.1889818915987296
2038,1.6979999542236326,-2.2649777934169166
2039,1.736999988555908,-2.266341798088759
2040,1.7795000076293945,-2.231539368839903
2041,1.815500020980835,-2.172502604429233
2042,1.8255000114440922,-2.133456309823704
2043,1.859500050544739,-2.1789226893187013
2044,1.857499957084656,-2.078884734099427
2045,1.859500050544739,-2.076249354073841
2046,1.9084999561309812,-2.1178061309768634
2047,1.9084999561309812,-2.0147415887143763
2048,1.897500038146973,-1.9992371871550356
2049,1.897500038146973,-1.9450243602242154
2050,1.897500038146973,-2.1633900054470727
2051,1.8869999647140505,-2.213532457178479
2052,2.182499885559082,-2.02367576237069
2053,2.2839999198913574,-1.5438082512598612
2054,2.257499933242798,-2.6509151898777086
2055,2.246500015258789,-3.3764430553398252
2056,2.325500011444092,-3.3178607060675342
2057,2.305500030517578,-2.846960586093895
2058,2.2730000019073486,-2.63109858985818
2059,2.263499975204468,-2.3165992772110835
2060,2.282999992370605,-2.0655240938487123
2061,2.296499967575073,-1.8989503855504581
2062,2.23799991607666,-1.7697171118541364
2063,2.260499954223633,-1.5992905554026602
2064,2.2100000381469727,-1.7454127352612194
2065,2.252000093460083,-1.7876877690078614
2066,2.213500022888184,-1.819395467924166
2067,2.2060000896453857,-1.8443209165023693
2068,2.186500072479248,-1.801719402372264
2069,2.186000108718872,-1.7252062569232989
2070,2.188499927520752,-1.6862814433906865
2071,2.1710000038146973,-1.621176319759477
2072,2.118499994277954,-1.6776350280258439
2073,2.115499973297119,-1.6507793590875008
2074,2.118499994277954,-1.7499025997905484
2075,2.13949990272522,-1.7569050345733113
2076,2.124500036239624,-1.711885477649635
2077,2.134999990463257,-1.6937644876681759
2078,2.0920000076293945,-1.7019432009022895
2079,2.075500011444092,-1.6848878277073207
2080,2.180999994277954,-1.7157652794159106
2081,2.186500072479248,-1.6491816931644705
2082,2.1480000019073486,-1.7489666260865608
2083,2.1475000381469727,-1.8448504980546154
2084,2.2249999046325684,-1.8422479558815525
2085,2.196500062942505,-1.6797541134915337
2086,2.1549999713897705,-1.8020234846829084
2087,2.135499954223633,-1.7839043928432134
2088,2.140000104904175,-1.8340996129156681
2089,2.137500047683716,-1.8362568510308208
2090,2.0934998989105225,-1.8206391304081502
2091,2.0625,-1.783512046940528
2092,2.1040000915527344,-1.7259681710274979
2093,2.109499931335449,-1.7345697902467025
2094,2.1670000553131104,-1.8261232415936313
2095,2.157999992370605,-1.7541282429862834
2096,2.1684999465942383,-1.7773985119459974
2097,2.239500045776367,-1.7773345445685398
2098,2.265000104904175,-1.6679643753649727
2099,2.30049991607666,-1.6741694007925434
2100,2.246500015258789,-1.6910742513456012
2101,2.2244999408721924,-1.696060290132124
2102,2.200500011444092,-1.7289953275132397
2103,2.186000108718872,-1.7713683053749207
2104,2.187999963760376,-1.8485205551559332
2105,2.1700000762939453,-1.8020570817921369
2106,2.127500057220459,-1.7206547027866295
2107,2.13100004196167,-1.71532585959747
2108,2.189500093460083,-1.7814168780610686
2109,2.250999927520752,-1.7561436899116414
2110,2.2325000762939453,-1.714566223263388
2111,2.2929999828338623,-1.7170860064555264
2112,2.250499963760376,-1.6531104669882655
2113,2.297499895095825,-1.6833512819491017
2114,2.3464999198913574,-1.7202000978340741
2115,2.308500051498413,-1.6762372364305966
2116,1.9874999523162842,-1.553387413487692
2117,1.9529999494552606,-1.4185135268174207
2118,1.9474999904632566,-2.4132391790438676
2119,1.9930000305175781,-2.7026181039535646
2120,2.0185000896453857,-2.6002676426228155
2121,2.0374999046325684,-2.4578020430590475
2122,2.078000068664551,-2.291702300759345
2123,2.054500102996826,-2.0939874888614365
2124,2.069499969482422,-2.068153779449005
2125,2.0975000858306885,-2.015542414724744
2126,2.069999933242798,-1.8947099368489613
2127,2.108999967575073,-1.869659780356842
2128,2.134000062942505,-1.786657078029834
2129,2.126499891281128,-1.8073684620770647
2130,2.2225000858306885,-1.8050633587184712
2131,2.265000104904175,-1.4131142625688047
2132,2.336999893188477,-1.9353510501648743
2133,2.3989999294281006,-1.993031782099112
2134,2.399499893188477,-1.1804794315397402
2135,2.442500114440918,-2.8845808067918886
2136,2.4119999408721924,-3.3566815014314617
2137,2.4030001163482666,-3.2794130853744727
2138,2.4175000190734863,-2.944687743529283
2139,2.427500009536743,-2.3012347686997736
2140,2.4230000972747803,-2.0419575249595874
2141,2.450000047683716,-1.9844007416825602
2142,2.453000068664551,-1.9057831264594907
2143,2.441499948501587,-1.8587980437388585
2144,2.463000059127808,-1.786385643757536
2145,2.441499948501587,-1.6194662838439988
2146,2.4175000190734863,-1.6819794948960256
2147,2.437000036239624,-1.6871921718092084
2148,2.4535000324249268,-1.7274709298623123
2149,2.4749999046325684,-1.6899541578904744
2150,2.470499992370605,-1.548266986264255
2151,2.4739999771118164,-1.5209847099643805
2152,2.4605000019073486,-1.4818903923722142
2153,2.4184999465942383,-1.4870745971589323
2154,2.407000064849853,-1.4573709563173995
2155,2.448499917984009,-1.578505143826621
2156,2.4609999656677246,-1.5709837570854925
2157,2.4609999656677246,-1.6449015733000991
2158,2.427999973297119,-1.6326460311845734
2159,2.4030001163482666,-1.5136497207445083
2160,2.399499893188477,-1.5218831004614344
2161,2.3575000762939453,-1.5401507218941877
2162,2.378999948501587,-1.4745358522921694
2163,2.362499952316284,-1.4466034624380144
2164,2.382499933242798,-1.5258584736655436
2165,2.3935000896453857,-1.6404773844758158
2166,2.3540000915527344,-1.6404648567401714
2167,2.282500028610229,-1.600946304463679
2168,2.246500015258789,-1.670968943963719
2169,2.2179999351501465,-1.8086107958618138
2170,2.220000028610229,-1.9403944128326795
2171,2.200000047683716,-1.959502626345763
2172,2.2160000801086426,-1.8735988041461644
2173,2.2225000858306885,-1.7707736175601585
2174,2.196000099182129,-1.866265333439704
2175,2.186500072479248,-1.8063320766737445
2176,2.200999975204468,-1.8845584848791872
2177,2.180000066757202,-1.90499255041465
2178,2.233999967575073,-1.8566814258574622
2179,2.260999917984009,-1.7773299890283054
2180,2.247999906539917,-1.7412279021134174
2181,2.240999937057495,-1.6998250645074817
2182,2.1989998817443848,-1.6659354516330882
2183,2.13700008392334,-1.5926757211681721
2184,1.9164999723434448,-1.3916952512718348
2185,1.897500038146973,-1.7090621815893816
2186,1.876000046730041,-2.905579379688061
2187,1.9084999561309812,-3.112754340325177
2188,1.899500012397766,-2.939258488640791
2189,1.925999999046326,-2.7196222273208965
2190,1.89300000667572,-2.5498670436114614
2191,1.912500023841858,-2.3777703122215574
2192,1.9630000591278078,-2.2379915323251884
2193,1.9574999809265137,-2.080818750743095
2194,1.9594999551773074,-2.065300872377228
2195,1.9144999980926516,-2.0608484012406563
2196,1.9359999895095825,-2.032960332996698
2197,1.8949999809265137,-1.975416457083668
2198,1.917500019073486,-1.9864915448359617
2199,1.900500059127808,-2.180245504314258
2200,1.8719999790191653,-2.15522666716125
2201,1.8559999465942387,-2.0263874476952015
2202,1.843999981880188,-2.1241671836574616
2203,1.8604999780654905,-2.1044640925154394
2204,1.843000054359436,-2.324919781634992
2205,1.846500039100647,-2.375424588629208
2206,1.840499997138977,-2.2889088055247915
2207,1.8059999942779539,-2.1790785267575523
2208,1.8109999895095823,-2.1387570605147515
2209,1.809499979019165,-2.206329578625404
2210,1.8454999923706052,-2.2313377861845316
2211,1.844499945640564,-2.149137997823832
2212,1.838500022888184,-2.1182058796324297
2213,1.7994999885559084,-2.0177528008092978
2214,1.8114999532699585,-1.9747431861998628
2215,1.7960000038146973,-2.048058911846826
2216,1.7999999523162844,-2.102654783785687
2217,1.7840000391006472,-2.197707839103497
2218,1.7734999656677246,-2.197976995605678
2219,1.7625000476837158,-2.171018067755356
2220,1.7845000028610232,-2.1326475116179258
2221,1.815999984741211,-2.062452900474038
2222,1.8335000276565552,-2.0466683331902837
2223,1.826500058174133,-2.1546135673713738
2224,1.807000041007996,-2.173802451909441
2225,1.838500022888184,-2.0716911564409966
2226,1.8669999837875368,-2.0704888734474745
2227,1.92550003528595,-2.012158597401486
2228,1.8545000553131104,-1.94364137413473
2229,1.8305000066757202,-2.105518700079697
2230,1.802999973297119,-2.1745759446784025
2231,1.8064999580383299,-2.140992312256418
2232,1.8309999704360962,-2.2240849865030548
2233,1.763499975204468,-2.158923677875621
2234,1.8140000104904173,-2.101393658397471
2235,1.844499945640564,-2.0733254565000783
2236,1.8170000314712527,-2.0691425214940407
2237,1.8014999628067017,-2.0427608185542487
2238,1.7894999980926514,-2.07650693191126
2239,1.777500033378601,-2.111863808369475
2240,1.7894999980926514,-1.9210912601604002
2241,1.7869999408721924,-2.114314119573039
2242,1.760499954223633,-2.3908365506846256
2243,1.7295000553131106,-2.4708229159339483
2244,1.7189999818801878,-2.325401530014777
2245,1.6979999542236326,-2.3158717194728187
2246,1.7235000133514404,-2.277418973796993
2247,1.7519999742507937,-2.3273435188538554
2248,1.7345000505447388,-2.3288018611713848
2249,1.7419999837875366,-2.336071933942917
2250,1.7079999446868896,-2.2584648893951726
2251,1.6764999628067019,-2.2725536568266813
2252,1.6365000009536745,-2.156482098124173
2253,1.6390000581741333,-2.2610340242731835
2254,1.6380000114440918,-2.302444264632
2255,1.5805000066757202,-2.2808855501011758
2256,1.6304999589920044,-2.2664065247229224
2257,1.697000026702881,-2.2101674314586877
2258,1.7415000200271606,-2.3863453574560616
2259,1.6879999637603762,-2.4650686991754043
2260,1.7595000267028809,-2.5900998666338686
2261,1.7814999818801882,-2.582852002120979
2262,1.803500056266785,-2.6300587877996837
2263,1.7319999933242798,-2.5560227173531596
2264,1.7304999828338625,-2.406054902280083
2265,1.753499984741211,-2.3410951763080203
2266,1.7380000352859497,-2.272860016907443
2267,1.6744999885559082,-2.2584686856787015
2268,1.6705000400543213,-2.2660179751037655
2269,1.6885000467300415,-2.2770875582449426
2270,1.6775000095367432,-2.2379480648787853
2271,1.6890000104904177,-2.182828875255501
2272,1.6799999475479124,-2.303881347761769
2273,1.673499941825867,-2.3432359005898236
2274,1.684000015258789,-2.2901152644301948
2275,1.7480000257492063,-2.280313070545056
2276,1.7545000314712522,-2.228081144359483
2277,1.753499984741211,-2.243701522380624
2278,1.77400004863739,-2.2474184635835206
2279,1.832499980926514,-2.2037188744427545
2280,1.81850004196167,-2.0959497878173936
2281,1.8274999856948853,-2.1816060923309246
2282,1.838500022888184,-2.193062326949494
2283,1.824000000953674,-2.1534150806613805
2284,1.8350000381469729,-2.062721677347866
2285,1.925999999046326,-2.088858709814237
2286,1.934000015258789,-2.0061598999836967
2287,1.9305000305175777,-2.031698448351776
2288,1.8554999828338623,-2.1003570831799743
2289,1.840000033378601,-1.960938001147944
2290,1.805500030517578,-1.9884933251406163
2291,1.7894999980926514,-2.0039417315179096
2292,1.7829999923706057,-2.059345262777489
2293,1.7315000295639038,-2.0337993116565287
2294,1.6864999532699585,-2.108278977833375
2295,1.646000027656555,-2.12882996890152
2296,1.683500051498413,-2.1705395462165704
2297,1.6744999885559082,-2.2813283865747924
2298,1.7239999771118164,-2.3859702846434314
2299,1.7089999914169314,-2.308250110846534
2300,1.659500002861023,-2.395944070544065
2301,1.7154999971389768,-2.378688633207137
2302,1.6794999837875364,-2.371682971583375
2303,1.312999963760376,-2.211682907843323
2304,1.3279999494552612,-1.436210282114554
2305,1.3585000038146973,-3.874845730965089
2306,1.344499945640564,-4.902914995587422
2307,1.315999984741211,-4.825274164116273
2308,1.3044999837875366,-4.210321408249715
2309,1.3344999551773071,-3.8930230957569485
2310,1.3645000457763672,-3.5491284004908454
2311,1.3389999866485593,-3.1845553488442113
2312,1.3179999589920042,-3.1219227446752087
2313,1.3105000257492063,-2.9466304916250676
2314,1.32449996471405,-2.8429205811627107
2315,1.3035000562667847,-2.807064113792126
2316,1.326500058174133,-2.802601013061674
2317,1.3884999752044678,-2.7505735167441188
2318,1.3975000381469727,-2.628799940181585
2319,1.4544999599456787,-2.6452818847495516
2320,1.455999970436096,-2.6279628596635187
2321,1.406499981880188,-2.735200846223222
2322,1.4184999465942385,-2.740674707443176
2323,1.406999945640564,-2.699349314021225
2324,1.3984999656677246,-2.628206770880234
2325,1.4014999866485593,-2.578328730296598
2326,1.4455000162124634,-2.557983307981529
2327,1.4759999513626099,-2.458681452138458
2328,1.5334999561309814,-2.427228294032749
2329,1.5414999723434448,-2.3919549358121643
2330,1.5880000591278074,-2.602612986586813
2331,1.6115000247955322,-2.603896130419495
2332,1.5399999618530271,-2.548670265229056
2333,1.486500024795532,-2.5110747203739985
2334,1.5255000591278074,-2.565403713580795
2335,1.5394999980926514,-2.6823239314661325
2336,1.5859999656677244,-2.608523610226737
2337,1.5835000276565552,-2.5863278793198066
2338,1.5824999809265134,-2.5864406289406072
2339,1.6260000467300415,-2.521051922929808
2340,1.603999972343445,-2.3062600990208177
2341,1.5789999961853027,-2.448118103405826
2342,1.6059999465942387,-2.400959150899582
2343,1.5110000371932983,-2.438302053085808
2344,1.5420000553131104,-2.38464614094864
2345,1.5894999504089353,-2.7294432128095023
2346,1.6249999999999998,-2.785185942002366
2347,1.6165000200271606,-2.712179423648811
2348,1.5920000076293943,-2.64260000025074
2349,1.6059999465942387,-2.5183155617623605
2350,1.5434999465942383,-2.5224396543737044
2351,1.5850000381469729,-2.46267533222477
2352,1.6380000114440918,-2.429556364906691
2353,1.6660000085830688,-2.467551088974785
2354,1.6295000314712524,-2.4432288698492837
2355,1.6690000295639038,-2.5440765723452183
2356,1.6310000419616697,-2.46451615010781
2357,1.6454999446868896,-2.3850128619375073
2358,1.6775000095367432,-2.3554994149007595
2359,1.6660000085830688,-2.3698224130259855
2360,1.6299999952316284,-2.40041286569981
2361,1.623499989509582,-2.313373385282617
2362,1.6154999732971191,-2.3249116196254054
2363,1.626999974250794,-2.3806710524657957
2364,1.6284999847412107,-2.4045246203896857
2365,1.6440000534057613,-2.3328513568113904
2366,1.68149995803833,-2.2791026255419475
2367,1.8839999437332156,-2.047482636007178
2368,1.9149999618530276,-1.9286339060892892
2369,1.9119999408721922,-3.2834861179723562
2370,1.9075000286102293,-3.7101143590632866
2371,1.9045000076293943,-3.552326769363729
2372,1.8780000209808347,-3.1680688487360102
2373,1.8724999427795408,-2.791314472316835
2374,1.873000025749206,-2.555505094094029
2375,1.9105000495910647,-2.378797586544409
2376,1.9385000467300415,-2.2523627432512283
2377,1.9735000133514404,-2.081781298431783
2378,1.9420000314712524,-2.0444550998930833
2379,1.9630000591278078,-2.128005605933275
2380,1.999500036239624,-2.1486942122793335
2381,2.075500011444092,-2.047946352040202
2382,2.130000114440918,-1.9451143321438444
2383,2.1419999599456787,-1.9586393514713492
2384,2.127500057220459,-2.139556937454237
2385,2.121999979019165,-2.3055847401810716
2386,2.127000093460083,-2.2701297297936414
2387,2.1480000019073486,-2.135568561979042
2388,2.120500087738037,-2.092079097131587
2389,2.0425000190734863,-2.0395366349533703
2390,2.0460000038146973,-1.8067811770151831
2391,2.031500101089477,-1.8732123424829483
2392,2.0169999599456787,-1.9289180579114082
2393,1.9704999923706052,-2.0244092043484243
2394,1.955000042915344,-2.0252105998013215
2395,1.9490000009536743,-2.0533520699708165
2396,1.9450000524520876,-2.209027407515036
2397,1.906000018119812,-2.2083239561771775
2398,1.922999978065491,-2.1590142192377795
2399,1.934499979019165,-2.1658120343383485
2400,1.922999978065491,-2.1313911315841207
2401,1.9249999523162837,-2.082230968215751
2402,1.950999975204468,-2.055410794528401
2403,2.000499963760376,-1.991843165726293
2404,1.9630000591278078,-1.9517126525449828
2405,1.9709999561309812,-2.0348341785464372
2406,2.000499963760376,-2.0507265602824054
2407,1.994500041007996,-2.072978855813913
2408,2.01200008392334,-2.121860182157104
2409,1.9900000095367432,-2.1315435523677957
2410,2.01449990272522,-2.1161503819158445
2411,2.010499954223633,-2.0665545950125632
2412,1.9730000495910645,-1.9669944020753685
2413,1.934999942779541,-1.9304071501255193
2414,1.9450000524520876,-1.7740329167836768
2415,1.9184999465942385,-2.0454734529496426
2416,1.8750000000000002,-2.1342368257171933
2417,1.8890000581741333,-2.16648018023939
2418,1.857499957084656,-2.1974787333925434
2419,1.8700000047683718,-2.172701909314487
2420,1.909999966621399,-2.1680110315723162
2421,1.9329999685287482,-2.19582697042923
2422,1.8940000534057613,-2.122415768251521
2423,1.8489999771118164,-2.1008304797359965
2424,1.8509999513626096,-2.011676089764995
2425,1.847499966621399,-2.141726893119211
2426,1.8214999437332156,-2.143046481273768
2427,1.8630000352859495,-2.2509450211674555
2428,1.853999972343445,-2.2415311870872974
2429,1.8424999713897703,-2.173070908073471
2430,1.8715000152587893,-2.2096680303604943
2431,1.8524999618530276,-2.1081100432163504
2432,1.8834999799728394,-2.166731873837339
2433,1.934999942779541,-2.1059269903732027
2434,1.8695000410079958,-1.7725998197516133
2435,1.8580000400543213,-2.1928161379626614
2436,1.9134999513626096,-3.050162356389931
2437,1.9490000009536743,-3.0078493598080027
2438,1.955000042915344,-2.775308771517537
2439,1.9359999895095825,-2.7057908479126302
2440,1.9424999952316284,-2.504946569687883
2441,1.9654999971389768,-2.3727518152108646
2442,2.006999969482422,-2.1982220457074524
2443,2.003000020980835,-2.030797780084605
2444,2.0164999961853027,-2.0194675820791868
2445,2.075500011444092,-1.9958865873126532
2446,2.062999963760376,-1.8800898795376189
2447,2.049999952316284,-2.0021791170755594
2448,2.0390000343322754,-1.9842507884831788
2449,2.0439999103546143,-1.9410416791743137
2450,1.9414999485015871,-1.9501250467733033
2451,1.9570000171661377,-1.854609983750057
2452,1.9424999952316284,-1.9559553790165969
2453,1.8845000267028809,-2.019805071684883
2454,1.8524999618530276,-2.1547982565650425
2455,1.9290000200271609,-2.194470178696092
2456,1.9179999828338623,-2.190957097918684
2457,1.9049999713897707,-2.3788936325176837
2458,1.9420000314712524,-2.4280566430987
2459,1.940500020980835,-2.406841871855571
2460,1.8910000324249268,-2.343712523986845
2461,1.9040000438690183,-2.236879980508001
2462,1.8890000581741333,-2.0972877879470646
2463,1.892500042915344,-2.1403344163209037
2464,1.9225000143051147,-2.178763435224675
2465,1.9290000200271609,-2.230068119158376
2466,1.9900000095367432,-2.1757440611201666
2467,1.9744999408721926,-2.0586566169453926
2468,1.9490000009536743,-1.9951218259958077
2469,1.950500011444092,-2.0202670793903192
2470,1.9685000181198118,-1.9635965385030543
2471,1.9670000076293943,-1.9103555601555675
2472,1.9904999732971191,-1.8496545050459396
2473,1.989500045776367,-1.8771046719848685
2474,2.0209999084472656,-1.9361583298572407
2475,2.059499979019165,-1.9481282016372359
2476,2.076499938964844,-1.9965972515892156
2477,2.0840001106262207,-2.0274709070142767
2478,2.0829999446868896,-1.9839609422357667
2479,2.0929999351501465,-1.8852843342898642
2480,2.0840001106262207,-1.841702809566839
2481,2.1135001182556152,-1.76978449588677
2482,2.120500087738037,-1.7704169567226422
2483,2.259999990463257,-1.7967686690225575
2484,2.253499984741211,-1.5730225511545515
2485,2.249500036239624,-1.8161181363538865
2486,2.2320001125335693,-1.940050279730808
2487,2.247499942779541,-1.9161699480080407
2488,2.2385001182556152,-1.8250462359565547
2489,2.237499952316284,-1.7682473806860213
2490,2.8405001163482666,-1.551775891129782
2491,3.138999938964844,-0.14549096565100983
2492,3.130000114440918,-2.70599888425
2493,3.066499948501587,-4.293690451937238
2494,3.101999998092652,-5.242377909462184
2495,3.059000015258789,-4.871184139341593
2496,3.109499931335449,-4.101862726721376
2497,3.1614999771118164,-3.2689797593526966
2498,3.0409998893737797,-2.569072821611231
2499,3.0915000438690186,-2.130125640469847
2500,3.1424999237060547,-1.905643613039813
2501,3.0460000038146973,-1.7992005682510077
2502,3.078000068664551,-1.597209053143904
2503,3.0850000381469727,-1.4904363960377243
2504,3.0290000438690186,-1.3685320375076286
2505,3.1610000133514404,-1.2564019701787363
2506,3.1085000038146973,-1.0835535746501608
2507,3.164999961853028,-1.2116796622553532
2508,3.414999961853028,-1.3116234696431175
2509,3.444000005722046,-0.7805687695737987
2510,3.450000047683716,-1.5477045668594862
2511,3.46749997138977,-1.2891489017110076
2512,3.427500009536743,-2.095383572129096
2513,3.4814999103546143,-2.539914896526941
2514,3.493000030517578,-2.2098942888588016
2515,3.4570000171661377,-1.8330770839472275
2516,3.428999900817871,-1.5184193713698984
2517,3.520999908447266,-1.3007009924886754
2518,3.682499885559082,-0.9903908787154394
2519,3.614500045776367,-0.5148135476203324
2520,3.601999998092652,-1.1184353462247658
2521,3.6619999408721924,-1.1414385466382395
2522,3.558500051498413,-1.5645342509986768
2523,3.5034999847412105,-1.473029486988003
2524,3.544500112533569,-1.2947436745613488
2525,3.5969998836517334,-1.158178638486154
2526,3.619999885559082,-1.123144920663315
2527,3.5915000438690186,-0.9516094697931216
2528,3.4904999732971196,-0.8835027196829006
2529,3.454999923706055,-0.7301923718699393
2530,3.4835000038146973,-0.8097058150986812
2531,3.4430000782012935,-0.8525716454694685
2532,3.433000087738037,-0.8177929429926662
2533,3.374000072479248,-0.8091849649985511
2534,3.407000064849853,-0.7299815832270113
2535,3.444499969482422,-0.8415299650122271
2536,3.4205000400543213,-0.8276152571805068
2537,3.4804999828338623,-0.9176591163822697
2538,3.472500085830688,-0.8425113992114701
2539,3.4365000724792476,-0.7705363310926476
2540,3.4484999179840092,-0.5847847474785594
2541,3.6034998893737793,-0.4981017855382503
2542,3.5139999389648438,-0.2552275236686353
2543,3.5364999771118164,-0.5364186242637501
2544,3.6394999027252206,-0.695808387973028
2545,3.7550001144409184,-0.5911146706342226
2546,3.6844999790191646,-0.5781932603877724
2547,3.6895000934600826,-0.7206877117063583
2548,3.6659998893737797,-0.7453732351655511
2549,3.6675000190734863,-0.654127852226972
2550,3.5815000534057613,-0.5759555410618125
2551,3.5869998931884766,-0.43640245022122104
2552,3.462500095367432,-0.4565273559168199
2553,4.309000015258789,-0.2690273939236141
2554,4.200500011444092,0.16378996379422456
2555,4.202000141143799,-1.4501713046053235
2556,4.135000228881836,-1.9866340952824624
2557,3.927000045776367,-1.7844446039893396
2558,3.8654999732971187,-1.406387248156045
2559,3.9855000972747803,-1.0944923758237761
2560,3.839999914169312,-1.093001575282077
2561,3.950000047683716,-0.9904704108553645
2562,3.9570000171661377,-0.7517804126910224
2563,3.888999938964844,-0.5918994573466818
2564,3.7054998874664316,-0.4549782824229562
2565,3.739000082015991,-0.4228207713620512
2566,3.7434999942779545,-0.41671748633304806
2567,3.6724998950958256,-0.49342148993641577
2568,3.61899995803833,-0.4767516293337811
2569,3.6394999027252206,-0.43839834628640634
2570,3.7509999275207515,-0.3471756461419109
2571,3.734999895095825,-0.47024850074212343
2572,3.874500036239624,-0.508348761492314
2573,3.9249999523162846,-0.39167141084572205
2574,3.8650000095367427,-0.36441997934951775
2575,3.962500095367432,-0.33715080022781707
2576,3.9324998855590816,-0.25692906539971827
2577,3.811000108718872,-0.1621021736731269
2578,3.952500104904175,-0.17995846778555144
2579,3.934000015258789,-0.16783489397619014
2580,3.9955000877380376,-0.13573105287367135
2581,4.135000228881836,-0.04202232087028436
2582,4.1875,0.048818615511861736
2583,4.310500144958496,0.0661877278137008
2584,4.22599983215332,0.0522990482509238
2585,4.166999816894531,0.012325345306118795
2586,4.314000129699707,-0.0605762769881857
2587,4.364999771118164,0.04254945661942884
2588,4.36299991607666,0.16168081984602536
2589,4.388500213623047,0.12591309060292272
2590,4.3454999923706055,0.13619527708671456
2591,4.4375,0.23221615929999506
2592,4.449999809265137,0.4102249616629185
2593,4.482500076293945,0.3642989945932343
2594,4.565000057220459,0.35215055512676036
2595,4.629499912261963,0.40943756500553335
2596,4.673999786376953,0.43709538865347913
2597,4.671500205993652,0.5132366406772693
2598,4.669000148773193,0.5679190678805828
2599,4.65749979019165,0.5557253102794857
2600,4.670499801635742,0.6672708448520548
2601,4.618000030517578,0.7233729871879935
2602,4.623000144958496,0.710055814383682
2603,4.61299991607666,0.7025387933686114
2604,4.671500205993652,0.6558134713484267
2605,4.792500019073486,0.7304230653290408
2606,4.765999794006348,0.7961783025145306
2607,4.732999801635742,0.7653386238270508
2608,4.4670000076293945,0.6943359737340908
2609,4.618500232696533,0.7045080205420079
2610,4.526500225067139,0.5760478125327506
2611,4.476500034332275,0.41839475363073975
2612,4.527500152587891,0.4378710168319255
2613,4.492499828338623,0.3908265697276141
2614,4.48799991607666,0.3194878536352808
2615,4.564499855041504,0.4143133692090931
2616,5.040999889373779,0.41395295954159234
2617,4.436500072479248,1.0304163989848303
2618,4.4105000495910645,0.2924084412364683
2619,4.5,-1.1410186776799713
2620,4.505000114440918,-1.3021566774077347
2621,4.412000179290772,-0.9829189385672713
2622,4.457499980926514,-0.591915781365855
2623,4.382500171661377,-0.1853046789718545
2624,4.298999786376953,0.05867122878761531
2625,4.218500137329102,0.16852675284031976
2626,4.363500118255615,0.0671167970270206
2627,4.352000236511231,0.08594190269595543
2628,4.178999900817871,0.12043704651993999
2629,3.944499969482422,0.14939486000872626
2630,3.8499999046325675,-0.012015617969305425
2631,3.993000030517578,-0.24534508584040984
2632,3.9254999160766597,-0.32810549037120196
2633,3.8924999237060556,-0.3818834530238157
2634,3.9300000667572026,-0.3855529406826043
2635,3.959000110626221,-0.3657333510897967
2636,4.019499778747559,-0.2856440116497595
2637,3.98799991607666,-0.1973314475512353
2638,4.071499824523926,-0.33369732110180833
2639,4.065000057220459,-0.3622060817027
2640,4.2795000076293945,-0.09626710776306123
2641,4.514999866485596,0.012241566073996003
2642,4.457499980926514,0.1469432675594712
2643,4.527999877929688,0.07047790782942293
2644,4.545499801635742,0.1392838384585322
2645,4.7204999923706055,0.218334040189691
2646,4.6595001220703125,0.3708916680226239
2647,4.7104997634887695,0.43733863552057706
2648,4.715499877929688,0.485164073053819
2649,4.651000022888184,0.5289700530404753
2650,4.537499904632568,0.6299905338905075
2651,4.564000129699707,0.7431936682123156
2652,4.619999885559082,0.5934994702745656
2653,4.453999996185303,0.5017932185156089
2654,4.254499912261963,0.45510804219373974
2655,4.3445000648498535,0.42406179822875745
2656,4.468999862670898,0.3455442625302117
2657,4.52899980545044,0.3160083699671009
2658,4.563000202178955,0.285824261991474
2659,4.55049991607666,0.3548897160533103
2660,4.642499923706055,0.3248729292742084
2661,4.712500095367432,0.5277158558696992
2662,4.722499847412109,0.6593342395999806
2663,4.631999969482422,0.6878540568766495
2664,4.8125,0.6131296253192938
2665,4.760499954223633,0.7839236145627988
2666,4.439499855041504,0.5769206255695303
2667,4.440999984741211,0.444385486820625
2668,4.394000053405762,0.30763229744304194
2669,4.261000156402588,0.24131057171137596
2670,4.2129998207092285,0.1619854953259712
2671,4.053999900817871,-0.15356784357946748
2672,4.143499851226807,-0.3234480673776275
2673,4.01200008392334,-0.3850406796739577
2674,4.017499923706055,-0.3689995310772109
2675,4.00600004196167,-0.302510519739178
2676,3.98799991607666,-0.3859002057183872
2677,3.924000024795532,-0.33701432383496227
2678,3.698499917984009,-0.4425782442656213
2679,3.883500099182129,-0.46168342075188196
2680,3.880000114440918,-0.8723267456958332
2681,3.7909998893737793,-0.8791973545330639
2682,3.697499990463257,-0.8172537758245104
2683,3.7105000019073486,-0.7000668215677418
2684,3.884999990463257,-0.37760769888550244
2685,3.7314999103546143,-0.3375469898675753
2686,3.697499990463257,-1.5316747596597813
2687,3.604500055313111,-1.8781197982004283
2688,3.4244999885559086,-1.6521276091826993
2689,3.545500040054321,-1.3334877849979976
2690,3.674999952316284,-1.1270768264210214
2691,3.759500026702881,-1.097183656124321
2692,3.7225000858306894,-1.067530410946631
2693,3.8864998817443848,-0.8683477660223718
2694,3.7899999618530273,-0.6692888324876024
2695,3.648000001907348,-0.6598675956545632
2696,3.604000091552735,-0.5496860183002923
2697,3.681999921798706,-0.6569306009026268
2698,3.494999885559082,-0.6458125676929154
2699,3.604000091552735,-0.49797797924167236
2700,3.6635000705718994,-0.5927667183188009
2701,3.5845000743865967,-0.7764410704931026
2702,3.5434999465942383,-0.7473339207010082
2703,3.3924999237060547,-0.7678206596704311
2704,3.2235000133514404,-0.7206729062005965
2705,3.121500015258789,-0.8923279400019425
2706,3.2669999599456787,-1.0166393321033755
2707,3.2495000362396245,-1.102376212734802
2708,3.13700008392334,-1.361814608710779
2709,3.2044999599456787,-1.456413913239828
2710,3.173500061035156,-1.3305488921042967
2711,3.3575000762939458,-1.2842302469571183
2712,3.325500011444092,-1.1772338938440132
2713,3.4159998893737797,-1.1376604852705317
2714,3.4110000133514404,-0.9811097247446072
2715,3.3264999389648446,-0.9118256522050651
2716,3.5850000381469727,-1.015320408298436
2717,3.5085000991821285,-0.9855104715181011
2718,3.659499883651733,-0.9010102302461308
2719,3.797499895095825,-0.8391880377034058
2720,3.758500099182129,-0.8217788508835674
2721,3.6900000572204585,-0.7980683079416189
2722,3.539999961853028,-0.6780076145072099
2723,3.48799991607666,-0.5620610484398821
2724,3.565000057220459,-0.5972309104807673
2725,3.835000038146972,-0.554116992981383
2726,3.868499994277954,-0.37665786874663537
2727,3.746999979019165,-0.36935002295399305
2728,3.8434998989105225,-0.401961996606821
2729,3.8450000286102295,-0.42134999621596575
2730,3.8650000095367427,-0.39709070048995154
2731,3.719500064849853,-0.37608951764885307
2732,3.741499900817871,-0.3001102720246478
2733,3.599499940872193,-0.2953295647234806
2734,3.630500078201294,-0.32233186511311757
2735,3.625,-0.4059272147524911
2736,3.7295000553131104,-0.3507467151502193
2737,3.70199990272522,-0.34182611320752027
2738,4.005000114440918,-0.3593008808253159
2739,4.008999824523926,-0.10238989619869279
2740,3.9800000190734863,-0.35908700770202084
2741,4.050000190734863,-0.45694024920410425
2742,3.884500026702881,-0.1798377934228846
2743,4.043000221252441,-0.33101164031946817
2744,4.098499774932861,-0.8032128415654627
2745,4.037000179290772,-0.765387906278187
2746,3.9314999580383296,-0.7342025759754239
2747,3.967999935150146,-0.5522495536600982
2748,3.8654999732971187,-0.4255272367967107
2749,3.796000003814697,-0.32297604697438453
2750,3.785500049591065,-0.349016464024951
2751,3.658999919891357,-0.3052842742993827
2752,3.6394999027252206,-0.2786817225653121
2753,3.620500087738037,-0.3428441340892706
2754,3.726500034332275,-0.4908327567446884
2755,3.7279999256134033,-0.40099683897320704
2756,3.7100000381469727,-0.41734059882073105
2757,3.805999994277954,-0.3800609996623454
2758,3.8229999542236324,-0.26314994031102124
2759,4.114500045776367,-0.25122462740894347
2760,4.035999774932861,0.04761358021278148
2761,3.9149999618530273,-0.31968191684949077
2762,3.963000059127808,-0.41324507324294024
2763,3.9175000190734868,-0.3987346810720314
2764,4.031000137329102,-0.296344074042967
2765,4.004000186920166,-0.14024791846959772
2766,4.017499923706055,-0.21493533626254904
2767,4.080999851226807,-0.19229971100173643
2768,4.011499881744385,-0.1685393418384744
2769,4.005499839782715,-0.09127397467169425
2770,4.074999809265137,-0.054904131134176394
2771,4.225500106811523,-0.00999409699030177
2772,4.031499862670898,0.0800514230855049
2773,3.971499919891357,0.010206568288465657
2774,3.9809999465942383,-0.0781208724961364
2775,3.8640000820159908,-0.11409160800093336
2776,3.807499885559082,-0.1377314095720028
2777,3.9584999084472656,-0.14820307805741817
2778,4.085000038146973,-0.14160176808300087
2779,4.148499965667725,-0.10375366360281453
2780,4.125999927520752,0.023909989215044763
2781,4.2129998207092285,-0.011624102503641818
2782,4.054999828338623,0.001384456176562864
2783,4.033999919891357,-0.004906175444578932
2784,3.982000112533569,0.0029120332149456495
2785,4.0254998207092285,-0.04466379867628786
2786,3.8150000572204594,-0.06692549000952891
2787,3.7330000400543213,-0.061814102686244626
2788,3.6665000915527344,-0.2151391966880373
2789,3.680999994277954,-0.49354624530387586
2790,3.572000026702881,-0.5026025169291799
2791,3.599999904632569,-0.6342720081264658
2792,3.624500036239624,-0.6809164218539462
2793,3.752000093460083,-0.5308942250193213
2794,3.5304999351501465,-0.44810904973850474
2795,3.531500101089477,-0.48694346426959123
2796,3.427000045776367,-0.458871798263479
2797,3.313999891281128,-0.6046533565824306
2798,3.351500034332276,-0.6852204583045478
2799,3.5920000076293945,-0.7281541472434097
2800,3.6054999828338627,-0.7769252864571813
2801,3.4560000896453857,-0.8786821039511384
2802,3.424000024795532,-0.9263244182576674
2803,3.3984999656677246,-0.9261123958225925
2804,3.526999950408936,-0.8382316589754518
2805,3.9360001087188716,-0.6329880575835338
2806,3.9154999256134033,-0.44884847086279667
2807,3.799000024795532,-1.187142004039601
2808,3.9105000495910645,-1.1802337170883488
2809,3.9105000495910645,-1.0640102121376063
2810,3.8169999122619624,-0.7943289686659031
2811,3.787499904632568,-0.6393289899614302
2812,3.785500049591065,-0.48984415706028506
2813,3.955499887466431,-0.36569965907348
2814,3.9045000076293945,-0.17183793259651436
2815,3.847500085830689,-0.16689180224058642
2816,4.0254998207092285,-0.18935341535515476
2817,4.4045000076293945,-0.08657880238378184
2818,4.362500190734863,0.2518119223886309
2819,4.334499835968018,-0.3202366962336582
2820,4.401500225067139,-0.3758400069139328
2821,4.320000171661377,-0.23815520955842018
2822,4.1554999351501465,-0.08073224102840333
2823,4.064499855041504,0.005201334543351126
2824,4.106500148773193,0.036560914260079
2825,4.163000106811523,0.03161979025305447
2826,4.263000011444092,0.053096244065167275
2827,4.142499923706055,0.07146188079327576
2828,4.0879998207092285,0.11690567240127792
2829,4.08650016784668,0.15092612656016346
2830,4.171000003814697,0.19231692282928164
2831,4.040500164031982,0.23325303110214235
2832,4.070499897003174,0.09866597737923224
2833,4.03849983215332,0.1063001374679337
2834,3.90149998664856,0.08738097887457667
2835,3.959500074386597,0.0848979009988059
2836,4.058000087738037,-0.006743552945671233
2837,3.95199990272522,-0.03999294632973082
2838,3.836999893188477,-0.1833876981505209
2839,3.975500106811523,-0.1447961508581795
2840,3.9149999618530273,-0.21749673621287016
2841,3.867000102996826,-0.2789799206364872
2842,3.9365000724792476,-0.23195089593401094
2843,3.57699990272522,-0.17415708220416382
2844,3.825000047683716,-0.360084291384996
2845,4.050000190734863,-0.5319697595965306
2846,3.746500015258789,-0.5333459123756645
2847,3.588000059127808,-0.7562778697874085
2848,3.4979999065399165,-0.7080179001507689
2849,3.604000091552735,-0.6749391734380941
2850,3.5350000858306885,-0.7285798055340591
2851,3.1675000190734863,-0.6839665458550362
2852,3.638000011444092,-0.634629096045879
2853,3.479000091552734,-0.6720263325401086
2854,3.368000030517578,-0.8579330417898862
2855,3.3499999046325684,-0.9444721720380037
2856,3.2614998817443848,-0.9013741040223515
2857,2.9260001182556152,-0.9280304680754407
2858,3.0510001182556152,-1.1276713244216072
2859,2.799999952316284,-1.253681933030462
2860,2.8125,-1.4483825907137142
2861,3.1010000705718994,-1.526512003875
2862,2.7929999828338623,-1.7699724119214377
2863,2.436000108718872,-1.6822015774824512
2864,2.51449990272522,-1.8497949675364995
2865,2.532500028610229,-1.9265759407884104
2866,2.6484999656677246,-2.3275173886394676
2867,2.5114998817443848,-2.397064163999192
2868,2.499500036239624,-2.233946782039593
2869,2.5160000324249268,-1.864206419067943
2870,2.447999954223633,-1.7378600291809796
2871,2.4790000915527344,-2.4541006666186185
2872,2.802000045776367,-2.8346659422580243
2873,2.844500064849853,-2.601332500152601
2874,2.8355000019073486,-2.3519684915907666
2875,2.861999988555908,-2.2300200961717387
2876,2.7885000705718994,-2.07239270963709
2877,2.922499895095825,-1.893486394667679
2878,2.5989999771118164,-1.6610925327355952
2879,2.361000061035156,-1.487780516081084
2880,2.4605000019073486,-1.5017951610766958
2881,2.4230000972747803,-1.8580708656289464
2882,2.315000057220459,-1.8950635606596546
2883,2.078000068664551,-1.8943599195076202
2884,2.246500015258789,-1.8933277100161816
2885,2.087500095367432,-2.014701727737325
2886,1.9845000505447388,-2.3405809697040656
2887,1.9220000505447388,-2.4895678251133404
2888,1.7920000553131104,-2.4488217445578604
2889,1.7515000104904177,-2.599196331411032
2890,1.893499970436096,-2.570788551952002
2891,2.125,-2.7578694042436456
2892,2.109499931335449,-2.790760404735829
2893,2.197999954223633,-2.7791604807857
2894,2.134999990463257,-2.6747102950352577
2895,2.0234999656677246,-2.7678978566270915
2896,2.059499979019165,-2.3996930903427787
2897,2.260499954223633,-2.3305016471213356
2898,2.365999937057495,-2.112605981799325
2899,2.4130001068115234,-2.0627714086620914
2900,2.570499897003174,-2.3071188183549975
2901,2.5625,-2.4076825588429895
2902,2.484999895095825,-2.2517283842735916
2903,2.4124999046325684,-2.2628685782884013
2904,2.5625,-2.1285932706235093
2905,2.442500114440918,-1.9434530784717092
2906,2.631500005722046,-1.8762562026162162
2907,2.6589999198913574,-1.7360408501140527
2908,2.6040000915527344,-1.6557877959468426
2909,2.578000068664551,-1.6575720492053059
2910,2.492000102996826,-1.566231948992687
2911,2.553999900817871,-1.664031425629296
2912,2.572000026702881,-1.7507153840940313
2913,2.58899998664856,-1.7678734467584498
2914,2.470000028610229,-1.4970261748009233
2915,2.5380001068115234,-1.4468810656710467
2916,2.563999891281128,-1.4505086043968438
2917,2.7179999351501465,-1.447127064843703
2918,2.703000068664551,-1.4630487728699297
2919,2.868000030517578,-1.4156877631728735
2920,2.809999942779541,-1.3808323757687926
2921,2.8580000400543213,-1.48737744567743
2922,2.775500059127808,-1.5045052329807074
2923,2.595999956130981,-1.4544360495214037
2924,2.572499990463257,-1.3890723989818936
2925,2.424499988555908,-1.4846669941450654
2926,2.572000026702881,-1.528917898561279
2927,2.5794999599456787,-1.5985056737831127
2928,2.421999931335449,-1.7559886117294963
2929,2.5269999504089355,-1.8230044048606728
2930,2.496999979019165,-1.7854022165094405
2931,2.531500101089477,-1.6863884985861943
2932,2.4814999103546143,-1.6599181524260087
2933,2.421999931335449,-1.5931637334157795
2934,2.5179998874664307,-1.5655657012334099
2935,2.5,-1.6063495548099997
2936,2.940999984741211,-1.4587055397918949
2937,3.057499885559082,-1.1722745239492791
2938,3.179500102996826,-2.0904007601835723
2939,3.052999973297119,-2.3882993045882555
2940,3.1589999198913574,-2.298054621987827
2941,3.3275001049041744,-2.126656216953018
2942,3.3355000019073486,-1.7785962393992851
2943,3.1654999256134038,-1.5768307929763121
2944,3.2174999713897705,-1.3770841152267845
2945,3.197999954223633,-1.3107768984162296
2946,3.1630001068115234,-1.2268459098593798
2947,3.0834999084472656,-1.2147675592775533
2948,3.117500066757202,-1.0505828522038758
2949,3.0975000858306885,-0.9893410165055925
2950,3.193000078201294,-0.9907526645357193
2951,3.0855000019073486,-0.9247934720176529
2952,3.279999971389771,-1.0085369241681879
2953,3.1854999065399165,-0.9425299933847487
2954,3.117000102996826,-1.0047670248100664
2955,3.239500045776367,-1.0830707822924053
2956,3.0994999408721924,-0.9872131995877867
2957,3.0850000381469727,-1.0738416374059156
2958,3.240499973297119,-1.158508820246058
2959,3.2385001182556152,-1.1242189841806571
2960,3.0845000743865967,-1.155383624738189
2961,3.024499893188477,-1.1609670087379442
2962,3.285500049591065,-1.3203875697973482
2963,3.427000045776367,-1.3404036645163073
2964,3.479000091552734,-1.387206715441741
2965,3.4314999580383296,-1.3962751826278808
2966,3.3489999771118164,-1.344278246392731
2967,3.5675001144409184,-1.202504234780794
2968,3.5625000000000004,-1.0082812444725335
2969,3.505000114440918,-0.9644429011687955
2970,3.4979999065399165,-0.9485260334040676
2971,3.779000043869019,-0.8956726556048554
2972,3.6405000686645512,-0.7762999436529252
2973,3.619999885559082,-0.7154770278420278
2974,3.6844999790191646,-0.6379114102382899
2975,3.526000022888184,-0.6000933082613659
2976,3.572000026702881,-0.5409751135690067
2977,3.6719999313354497,-0.5605598081184794
2978,3.674999952316284,-0.5550986644483465
2979,3.8169999122619624,-0.5945417181361632
2980,3.9084999561309814,-0.463404750610858
2981,3.8994998931884766,-0.5419200559928307
2982,3.775500059127808,-0.46091780527124243
2983,3.8489999771118155,-0.37893943514735123
2984,3.9885001182556152,-0.3045203196927869
2985,3.947000026702881,-0.19373793301656372
2986,3.8610000610351554,-0.17192553183893786
2987,3.73550009727478,-0.16464743941845128
2988,3.862499952316284,-0.13847339318767654
2989,3.902499914169312,-0.24901879686462405
2990,3.878499984741211,-0.2851976161603349
2991,3.9370000362396236,-0.2662898938711079
2992,3.960000038146973,-0.2971550076582297
2993,4.0304999351501465,-0.2446501286869472
2994,4.2230000495910645,-0.08753964174488198
2995,4.156000137329102,-0.055721020169224714
2996,4.119999885559082,-0.5948223109424742
2997,3.9895000457763676,-0.6700054759107225
2998,4.026000022888184,-0.5245684777755395
2999,3.947999954223633,-0.44045602686602037
3000,3.9885001182556152,-0.4165019523357092
3001,4.09499979019165,-0.29845855651487835
3002,4.099500179290772,-0.21569255246588145
3003,3.9639999866485605,-0.07130177448103511
3004,3.8975000381469727,-0.05393709908557015
3005,3.9305000305175777,-0.1561226474871576
3006,3.8965001106262207,-0.24432326867513082
3007,3.7095000743865967,-0.28374667659568664
3008,3.7555000782012935,-0.23234338419732878
3009,3.680000066757202,-0.2755829586815112
3010,3.797499895095825,-0.3963047748924337
3011,3.893500089645386,-0.4522620890117546
3012,3.8984999656677246,-0.393381731482465
3013,3.79800009727478,-0.35778687550054805
3014,3.7820000648498535,-0.362819086585488
3015,3.9195001125335693,-0.36082670208256673
3016,3.8550000190734863,-0.19878229220879534
3017,3.8824999332427983,-0.18193044726450627
3018,3.8994998931884766,-0.16456059943273352
3019,4.152500152587891,-0.12786663632557155
3020,4.246500015258789,0.04984169019605961
3021,4.283999919891357,0.010620956362389352
3022,4.276000022888184,-0.04749297897601081
3023,4.377999782562256,-0.06204842828705026
3024,4.317999839782715,0.09458853160174659
3025,4.354000091552734,0.09132636143880958
3026,4.329500198364258,0.13814694644879114
3027,4.2845001220703125,0.2513106706022174
3028,4.203999996185303,0.26734180650115746
3029,4.158999919891357,0.28893052353524395
3030,4.107500076293945,0.2301148570499597
3031,4.132500171661377,0.18702535439901904
3032,4.079999923706055,0.20594268603092789
3033,4.1479997634887695,0.09695662954014352
3034,3.9574999809265137,0.08309575775421384
3035,3.884000062942505,0.1318319237059778
3036,3.9635000228881845,-0.03650779196303
3037,4.110000133514404,-0.1454520062912971
3038,4.193999767303467,-0.10729704346813594
3039,4.151500225067139,-0.04065264549992117
3040,4.183000087738037,-0.08115308278432572
3041,4.079999923706055,-0.005707547170703914
3042,3.966000080108643,-0.019143353835285575
3043,3.9049999713897705,-0.041651281608903384
3044,3.7815001010894775,-0.09206417108818178
3045,3.868000030517578,-0.18308323621152353
3046,3.9049999713897705,-0.17437366017947303
3047,3.8815000057220463,-0.25215409997738814
3048,4.073500156402588,-0.26228842121773926
3049,4.097499847412109,-0.15844711189174715
3050,4.227499961853027,-0.18075815491086059
3051,4.305500030517578,-0.03178727948256387
3052,4.292500019073486,0.05724207039971266
3053,4.411499977111816,0.14060368760758193
3054,4.450500011444092,0.2585112713851755
3055,4.439499855041504,0.35660421260193476
3056,4.69350004196167,0.3176029514097643
3057,4.32450008392334,0.6386710209000198
3058,4.211999893188477,0.3667222572766568
3059,4.249000072479248,-0.15976304612340794
3060,4.2170000076293945,-0.36684124898408776
3061,4.304500102996826,-0.3831395483363563
3062,4.288000106811523,-0.21710847131497796
3063,4.372000217437744,-0.09963156404032318
3064,4.289999961853027,0.06052775379375522
3065,4.214499950408936,0.13655639855737695
3066,4.223499774932861,0.18774949548210815
3067,4.265999794006348,0.13404287923306085
3068,4.2220001220703125,0.18451501446215818
3069,4.177999973297119,0.18496886015800773
3070,4.297999858856201,0.2168677494035238
3071,4.230000019073486,0.26085597472632716
3072,4.178999900817871,0.2679104660469765
3073,4.052999973297119,0.23434174590122772
3074,4.105999946594238,0.22483296914269515
3075,4.150000095367432,0.143921212329721
3076,4.204500198364258,0.09625230031171952
3077,4.25,0.1159508596402795
3078,4.224999904632568,0.17124849831618205
3079,4.209499835968018,0.16656523686784075
3080,4.199999809265137,0.2014350264225585
3081,4.215499877929688,0.21138694810274422
3082,4.138000011444092,0.26111631673269003
3083,4.059500217437744,0.2920155258912535
3084,3.9579999446868896,0.2779635824099727
3085,3.907000064849853,0.22132221358894805
3086,3.92300009727478,0.12587771398579015
3087,3.9435000419616695,-0.010767945660844073
3088,4.045000076293945,-0.023274398390841295
3089,4.111999988555908,0.04768646885653147
3090,4.192500114440918,0.04473860724299424
3091,4.227000236511231,0.05742789847843985
3092,4.192999839782715,0.05689406983399615
3093,4.177499771118164,0.04183831780742535
3094,4.534999847412109,0.13103536851457978
3095,4.521999835968018,0.4230792725979999
3096,4.513999938964844,0.2804676584790113
3097,4.527999877929688,0.2363618788640662
3098,4.6875,0.22563310707667333
3099,4.61899995803833,0.43143204543190183
3100,4.605500221252441,0.4381170634581258
3101,4.526000022888184,0.47200302240962305
3102,4.610499858856201,0.49103350701745757
3103,4.585999965667725,0.5382888851253294
3104,4.668000221252441,0.617776418718988
3105,4.552000045776367,0.7479592852864564
3106,4.492499828338623,0.6415913594579744
3107,4.433499813079834,0.5275775762421682
3108,4.545499801635742,0.5217634731109596
3109,4.698500156402588,0.4940339946114107
3110,4.761000156402588,0.5078306380253901
3111,4.7855000495910645,0.5762957573007153
3112,4.679999828338623,0.47772074739274817
3113,4.741499900817871,0.5396379893843216
3114,4.873000144958496,0.5956214978599902
3115,4.80049991607666,0.7104291314151802
3116,4.765999794006348,0.7737803246026113
3117,4.734000205993652,0.7856812938365616
3118,4.749000072479248,0.7289933849521529
3119,4.671000003814697,0.7439459017935166
3120,4.672500133514404,0.6910026469817638
3121,5.924499988555908,0.7848174020660742
3122,6.23199987411499,1.60362541098458
3123,6.103499889373779,0.45233115569962384
3124,6.081999778747559,-0.197313747379283
3125,6.129000186920166,-0.15156881558037105
3126,5.940499782562256,0.1441560124659677
3127,5.941999912261963,0.5491407039525944
3128,5.918499946594238,0.8205987030227917
3129,5.855000019073486,1.014285515736175
3130,6.0304999351501465,1.166132680970108
3131,6.309999942779541,1.4018844505903667
3132,6.333499908447266,1.697086589711741
3133,6.507500171661377,1.7011884740644425
3134,6.495500087738036,1.8670524671570163
3135,6.52650022506714,1.9129258082462846
3136,6.648499965667725,2.039325725731002
3137,6.579500198364258,2.1896822802374123
3138,6.5625,2.31755591498795
3139,6.564499855041504,2.320329859362331
3140,6.44950008392334,2.283216632329588
3141,6.482999801635742,2.3312043135301357
3142,6.650000095367432,2.377084677743932
3143,6.646999835968017,2.426687297957565
3144,6.701499938964843,2.4737927228660554
3145,6.586999893188476,2.4644079303548914
3146,6.795499801635743,2.4792948663982974
3147,6.925000190734863,2.6690382421427565
3148,7.112500190734863,2.672483369445002
3149,7.058499813079834,2.7259143517830977
3150,6.879000186920166,2.7830106458681003
3151,6.7104997634887695,2.587337665066074
3152,6.70550012588501,2.2699406492015624
3153,6.565499782562256,2.2508062413321315
3154,6.769000053405762,2.3557041987247778
3155,6.707499980926514,2.3140200565093694
3156,6.568999767303467,2.221844394292096
3157,6.511499881744385,2.26593936636237
3158,6.418000221252441,2.1997450889867927
3159,6.3454999923706055,2.2517947935629907
3160,6.423999786376953,2.1727694574889442
3161,6.639500141143798,2.170766538299231
3162,6.687499999999999,2.1896769654404724
3163,6.94700002670288,2.217153516549925
3164,6.923500061035156,2.367365812282247
3165,6.965499877929688,2.3861035085229347
3166,6.9704999923706055,2.6120894336728417
3167,6.82450008392334,2.7017117155887482
3168,6.72599983215332,2.676167093167023
3169,6.695000171661377,2.6155262091513243
3170,6.73449993133545,2.6979215061137487
3171,6.612500190734864,2.7029451281072054
3172,6.499999999999999,2.5812469077727154
3173,6.676000118255615,2.56212654615234
3174,6.515500068664552,2.4388718495711053
3175,6.367499828338623,2.3103574021609323
3176,6.455500125885011,2.2318481708326057
3177,6.367499828338623,2.2136083571766996
3178,6.35699987411499,2.121546963093638
3179,6.380499839782715,2.1744851878297156
3180,6.289000034332275,1.9212290395801377
3181,6.330999851226807,1.8754576287036135
3182,6.071499824523926,1.9244397463744896
3183,6.015500068664551,1.9219786157628689
3184,5.973999977111816,1.8383922348433317
3185,6.137499809265137,1.6750127195060798
3186,6.301499843597412,1.7497228200931148
3187,6.270500183105469,1.930606808966774
3188,5.94350004196167,1.6721983447121187
3189,5.906000137329102,1.342183336562184
3190,5.954999923706055,0.47892080006969706
3191,5.796999931335449,0.05602448363821582
3192,5.869500160217285,0.24851257237388524
3193,5.84149980545044,0.5342487852870567
3194,5.901500225067139,0.8160665573856626
3195,5.868000030517578,1.0765008134382912
3196,6.004499912261963,1.221105618770451
3197,5.982999801635742,1.4749334873194428
3198,5.876500129699707,1.6036035823542902
3199,5.815499782562256,1.6788906231305911
3200,5.90399980545044,1.668293487474554
3201,5.875999927520752,1.656403242741572
3202,5.9004998207092285,1.5709678819294082
3203,5.861999988555908,1.5904372169131542
3204,5.986000061035156,1.6429298528700569
3205,5.909999847412109,1.7135467056494182
3206,5.920000076293945,1.7709799198975882
3207,6.227000236511231,1.669658251403102
3208,6.276500225067139,1.8887375979293444
3209,6.29449987411499,1.8619373547305196
3210,6.426499843597412,1.7328950340956886
3211,6.445499897003175,1.8640617549931495
3212,6.505499839782716,1.987308859007327
3213,6.44099998474121,2.098520225722287
3214,6.5254998207092285,2.2199120859760155
3215,6.678999900817871,2.3075665643248486
3216,6.591000080108643,2.4381687778616
3217,6.556499958038329,2.456435355316383
3218,6.589499950408936,2.4780206438319077
3219,6.566999912261963,2.450447097678298
3220,6.638000011444092,2.501987151190775
3221,6.517499923706056,2.5786728377261174
3222,6.523499965667725,2.6626654209832195
3223,6.4629998207092285,2.519908456658628
3224,6.401999950408936,2.443516602468403
3225,6.736499786376954,2.4454024063112576
3226,6.752999782562257,2.71894570392374
3227,6.75600004196167,2.4124667994876123
3228,6.828999996185303,2.3611873608393767
3229,6.78849983215332,2.509062094988935
3230,6.590499877929688,2.5764119610706326
3231,6.57450008392334,2.6953779961495563
3232,6.777999877929688,2.5886500402819266
3233,6.743500232696534,2.6216412626592662
3234,7.047999858856201,2.568659950105139
3235,7.002999782562256,2.7633056565843135
3236,7.059999942779541,2.610472216889639
3237,7.007999897003173,2.6573654295488778
3238,7.214000225067139,2.7482765497227595
3239,7.290999889373779,2.945158836642836
3240,7.108500003814696,3.0246551016886105
3241,7.121500015258788,3.035950563699742
3242,7.2100000381469735,2.9597143571341915
3243,7.321499824523926,2.952152919601836
3244,7.504499912261964,3.1116902163797455
3245,7.181499958038329,3.344521599988506
3246,7.355500221252441,3.232315037546511
3247,7.10099983215332,2.7803316085819354
3248,6.96750020980835,2.6413105668778836
3249,7.08650016784668,2.642437114015009
3250,6.855000019073486,2.624054560098426
3251,6.874499797821045,2.6595760054476076
3252,6.491499900817871,2.7060216362788196
3253,6.546500205993652,2.7876007322825855
3254,6.435500144958496,2.541108422395995
3255,6.249000072479248,2.356279525493544
3256,6.564499855041504,2.2190822183966534
3257,6.5229997634887695,2.0537221819425073
3258,6.69350004196167,2.0825162332505767
3259,6.573500156402588,2.2231328529217182
3260,6.426499843597412,2.3460132359470283
3261,6.445499897003175,2.3898625884729996
3262,6.314000129699707,2.4184303812827617
3263,6.229499816894531,2.3955951664154305
3264,5.985499858856201,2.3831203889261254
3265,6.136000156402588,2.3035859712308877
3266,6.105999946594238,2.1554052566289204
3267,6.243000030517578,1.9842156471881867
3268,6.1605000495910645,2.041938897497945
3269,6.335000038146973,2.053562168591775
3270,6.2729997634887695,2.0499608242223255
3271,6.162000179290772,2.1006721490404994
3272,6.315499782562256,2.1637350619474742
3273,6.438000202178956,2.2685705704760744
3274,6.138500213623047,2.347262213227953
3275,6.100500106811523,2.3281708931765714
3276,5.941999912261963,2.303667021884224
3277,5.895500183105469,2.2759161892898265
3278,6.1605000495910645,1.9846434883418649
3279,6.151500225067139,1.880860689235758
3280,6.191500186920166,1.8629429902372576
3281,6.3420000076293945,1.962226813733567
3282,6.34499979019165,2.1184328717150906
3283,6.29449987411499,2.2182075546716535
3284,6.291500091552734,2.2872034892913717
3285,6.127500057220459,2.357088703327675
3286,6.115499973297119,2.3871788058324235
3287,6.072500228881836,2.356911416886887
3288,5.916500091552734,2.248343971835452
3289,6.050000190734863,2.174816793195943
3290,5.889999866485596,2.0312474241962213
3291,5.430500030517578,1.9422264735912518
3292,5.4629998207092285,1.924125603912494
3293,5.547999858856201,1.6089947795004078
3294,5.456999778747559,1.386782644899239
3295,5.502999782562256,1.2078748114164162
3296,5.671500205993652,1.2729706341529805
3297,5.810999870300293,1.3860384784205364
3298,5.86299991607666,1.561472048125031
3299,5.975500106811523,1.6102805807315599
3300,6.182499885559082,1.7504313964137366
3301,6.164999961853027,1.9443577071642333
3302,6.103000164031982,1.9880838702896997
3303,5.924499988555908,2.0366920540330042
3304,5.997000217437744,2.0136966360007644
3305,6.005000114440918,1.9633395044358128
3306,5.871500015258789,1.991448896009491
3307,6.003499984741211,1.9168857115950146
3308,5.94350004196167,2.10616745926239
3309,5.920000076293945,2.350932080515094
3310,5.856500148773193,0.9827435245958958
3311,5.856500148773193,0.6452435740267076
3312,5.8429999351501465,0.7721454551010001
3313,5.894499778747559,1.094245212093709
3314,6.003499984741211,1.381342001160161
3315,6.120999813079834,1.5482249167518232
3316,6.379000186920165,1.7396712103801442
3317,6.391499996185303,1.9872750720839218
3318,6.41599988937378,1.9893246855610376
3319,6.441500186920166,2.136857374564665
3320,6.499999999999999,2.25369255569896
3321,6.29449987411499,2.358344703733127
3322,6.328000068664551,2.359765652657899
3323,6.234499931335449,2.32042780347737
3324,6.303500175476074,2.3000022795798465
3325,6.442999839782714,2.32058155296028
3326,6.482500076293944,2.3972814755588545
3327,6.378499984741211,2.4976176288493046
3328,6.388000011444092,2.4066195737826166
3329,6.329999923706055,2.3475366845270735
3330,6.226500034332275,2.347351805519229
3331,6.34250020980835,2.3770076131883004
3332,6.243000030517578,2.3647247378313683
3333,6.331999778747559,2.3216623548808855
3334,6.189499855041504,2.32846092923816
3335,6.241499900817871,2.273334336861995
3336,6.624499797821045,2.30388644707218
3337,6.760499954223632,2.448383817580479
3338,6.939499855041505,2.4869950580936253
3339,6.861000061035155,2.6270898785937544
3340,6.956999778747559,2.6564015531609546
3341,7.019000053405761,2.8019417627545726
3342,7.122000217437744,2.870733647134626
3343,7.25349998474121,2.9575628134443317
3344,7.287499904632568,3.0593106147649083
3345,7.272500038146973,3.1331760422668196
3346,7.406499862670898,3.2142407418524543
3347,7.41599988937378,3.298728550295868
3348,7.565000057220459,3.3603703244638945
3349,7.536499977111816,3.365644880798594
3350,7.591499805450439,3.403234161785829
3351,7.642499923706055,3.396362888598981
3352,8.036499977111816,3.432385063745591
3353,7.968500137329102,3.609498394004423
3354,7.985000133514404,3.565438727370965
3355,7.949500083923341,3.6657008531326065
3356,7.853000164031982,3.676746519687553
3357,7.685500144958497,3.697036895891457
3358,7.769499778747559,3.681224615737943
3359,8.043499946594238,3.5682346901898128
3360,7.769999980926514,3.644883173146574
3361,7.813499927520752,3.7050045357613777
3362,7.777500152587891,3.715423056277392
3363,7.651500225067139,3.7788487040755285
3364,7.823999881744385,3.6874330578206895
3365,7.758500099182128,3.716588135692333
3366,7.776500225067139,3.735299637576673
3367,8.232000350952148,3.715928341615055
3368,8.178000450134277,3.952735572963365
3369,7.933499813079834,3.904517457352629
3370,7.933499813079834,3.9025149177912684
3371,8.248499870300293,3.8348518583184577
3372,8.456500053405762,4.034414890852287
3373,8.449999809265137,4.056140262230019
3374,8.4975004196167,3.767730908133538
3375,8.375499725341797,3.814809379428975
3376,8.342000007629395,3.9976562367011197
3377,8.261500358581543,4.108598826542252
3378,8.128999710083008,4.198186562278048
3379,8.230500221252441,4.217123943032343
3380,8.423500061035156,4.206293905381823
3381,8.446499824523926,4.2923100975738695
3382,8.53849983215332,4.361140514231739
3383,8.599499702453613,4.34827490935316
3384,8.513500213623047,4.4068819344683865
3385,8.666500091552734,4.412209638772487
3386,8.518500328063965,4.521899455049167
3387,8.284000396728516,4.543408058637413
3388,7.945000171661376,4.508309139644969
3389,7.888999938964844,4.380538763806411
3390,7.917500019073485,4.086568233968817
3391,8.208499908447266,3.898763810036614
3392,8.241000175476074,3.961529663757472
3393,8.519499778747559,3.9914610816107237
3394,8.40999984741211,4.160210439999244
3395,8.862500190734863,4.244409730894481
3396,8.859999656677246,4.444476530252562
3397,8.974499702453613,4.404429535308882
3398,8.770000457763672,4.655626579372522
3399,8.827500343322754,4.6186739351330415
3400,8.826499938964844,4.619726644555534
3401,8.784000396728516,4.6559249672578735
3402,8.90250015258789,4.6732736033554305
3403,8.838500022888184,4.740424544180227
3404,8.814499855041504,4.770571970566258
3405,8.742500305175781,4.780822315721953
3406,8.781000137329102,4.824929056271166
3407,8.712499618530273,4.818700493885718
3408,8.696999549865723,4.836155046293724
3409,8.778499603271484,4.822418573973674
3410,8.902000427246094,4.871933879666148
3411,8.878999710083008,4.844856128141379
3412,9.16450023651123,4.870602143404299
3413,9.237500190734863,5.026803645845588
3414,9.23799991607666,4.980235015428049
3415,9.12950038909912,4.989293707184102
3416,9.107000350952148,5.095870191338939
3417,9.054499626159668,5.143849900344076
3418,9.168499946594238,5.1878951411001255
3419,9.137499809265137,5.272975169774008
3420,9.0,5.2843632611032385
3421,9.211000442504885,5.310578117381946
3422,9.250499725341797,5.354269544513126
3423,9.371000289916992,5.3341355751906026
3424,9.29300022125244,5.304520008126934
3425,9.274499893188477,5.317950499994575
3426,9.234000205993652,5.390200988483401
3427,9.217000007629396,5.335886421154013
3428,9.20400047302246,5.312782619227031
3429,9.27649974822998,5.325429937802713
3430,9.4375,5.371710430300428
3431,9.5625,5.427653982891957
3432,9.343500137329102,5.49797975563176
3433,9.097999572753906,5.507637500928634
3434,8.871000289916992,5.476288171177433
3435,8.842499732971191,5.337553369251442
3436,8.835000038146973,5.12340273763044
3437,8.769499778747559,4.951676333698755
3438,9.22249984741211,4.84872074477354
3439,8.557000160217285,5.113846732732133
3440,8.482000350952148,4.924512026909533
3441,8.605500221252441,4.220558820369061
3442,8.67650032043457,4.0524274969390035
3443,8.685500144958496,4.147195641177989
3444,8.796500205993652,4.30511761931446
3445,8.821499824523926,4.510420252915249
3446,9.152999877929688,4.675587058537787
3447,9.265000343322754,4.86375592568874
3448,9.310500144958496,4.958594680801358
3449,9.462499618530272,4.95508425742242
3450,9.520999908447266,5.05371208312498
3451,9.451499938964844,5.194249740098725
3452,9.331000328063965,5.31492676016401
3453,9.387999534606934,5.396721485072202
3454,9.324999809265137,5.403850525910646
3455,9.020999908447266,5.429139468636716
3456,8.833999633789062,5.380898954953161
3457,8.887499809265137,5.223055939514086
3458,8.862000465393066,5.069870963964658
3459,8.66450023651123,4.978858103392208
3460,8.472000122070312,4.941999227355885
3461,8.60099983215332,4.769586075733869
3462,8.63949966430664,4.648590167852178
3463,8.583499908447266,4.591375619535258
3464,8.454000473022461,4.607258890190757
3465,8.344499588012695,4.594338239201013
3466,8.452500343322754,4.490595301071957
3467,8.307000160217285,4.511576600878074
3468,8.403499603271484,4.399795032377112
3469,8.33650016784668,4.319220432995025
3470,8.253999710083008,4.2953023282511476
3471,8.234999656677246,4.301407891050268
3472,8.048500061035156,4.290821574802288
3473,8.090999603271484,4.263622342204602
3474,8.22599983215332,4.212313292544843
3475,8.130000114440918,4.0909772376589855
3476,8.265999794006348,4.084056612786266
3477,8.555000305175781,4.17115398652727
3478,8.548999786376953,4.318039788817616
3479,8.467499732971191,4.363791838648145
3480,8.730999946594238,4.418057433920013
3481,8.970999717712402,4.568371280236726
3482,9.006500244140625,4.746772309868475
3483,9.006500244140625,4.794557649156945
3484,9.147000312805176,4.888372166973535
3485,9.26449966430664,4.942209921091725
3486,9.137999534606934,5.069360743458408
3487,9.24549961090088,5.115885716615368
3488,9.23550033569336,5.142709117143719
3489,9.20199966430664,5.162523059764777
3490,9.02400016784668,5.197562377105821
3491,9.114500045776367,5.241969024053797
3492,9.090999603271484,5.197203628312364
3493,9.000499725341797,5.1533945163917965
3494,8.916999816894531,5.141380417908692
3495,8.940999984741211,5.097044002205996
3496,9.193499565124512,5.011633317236768
3497,9.294500350952148,5.102469650625136
3498,9.270999908447266,5.179494724907939
3499,9.114999771118164,5.257180352524727
3500,9.831500053405762,5.417881969460872
3501,9.753499984741213,5.624744875591933
3502,9.790499687194824,5.041665716231882
3503,10.059499740600586,5.010597311461801
3504,9.922499656677246,5.270913787817954
3505,9.998499870300291,5.367857582147206
3506,9.85550022125244,5.538122037292009
3507,9.880000114440918,5.601784573182333
3508,10.039999961853027,5.695509878336
3509,10.196999549865724,5.852494554069248
3510,10.218999862670898,5.963287570339352
3511,10.303500175476074,6.022592731995497
3512,10.128000259399414,6.096425511459062
3513,9.625499725341797,6.119014157711208
3514,9.740500450134276,6.131663754057007
3515,9.854499816894531,5.909787305826859
3516,9.9399995803833,5.736653999219459
3517,9.932499885559082,5.7140968621206
3518,9.810999870300291,5.78223293852108
3519,9.66349983215332,5.844957033123123
3520,9.61299991607666,5.815202901710659
3521,9.75,5.834033986526152
3522,9.706500053405762,5.803205127246729
3523,9.834500312805176,5.756806949959625
3524,9.619999885559082,5.839514681056457
3525,9.682499885559082,5.8507642080368925
3526,9.416000366210938,5.837505687813098
3527,9.284500122070312,5.800969116248357
3528,9.3774995803833,5.6512095273268255
3529,9.40250015258789,5.5885685713340605
3530,9.484000205993652,5.5056782389995
3531,9.326499938964844,5.507993212695268
3532,9.314499855041504,5.481023655251065
3533,9.498000144958496,5.467767792425742
3534,9.298999786376951,5.495665920821051
3535,9.182499885559082,5.522323803387551
3536,9.318499565124512,5.425759637411164
3537,9.38599967956543,5.358705501816348
3538,9.71150016784668,5.2540309557093625
3539,9.581500053405762,5.388808891313447
3540,9.708000183105469,5.476484059407512
3541,9.6274995803833,5.61429864220616
3542,10.0625,5.641216570194373
3543,10.11750030517578,5.811551636212808
3544,10.208999633789062,5.869224016323283
3545,10.224499702453612,6.005835556871704
3546,10.474499702453612,6.092685033298288
3547,10.659500122070312,6.197389190416797
3548,10.709500312805176,6.339290852062384
3549,10.836999893188477,6.47387783460498
3550,10.913999557495115,6.654249894644801
3551,10.6274995803833,6.80109773409986
3552,10.56149959564209,6.82725184984211
3553,10.675000190734863,6.803429411443155
3554,10.519000053405762,6.798847297224079
3555,10.643500328063965,6.747785005993682
3556,10.576499938964844,6.736257211430598
3557,10.902999877929688,6.68393455406869
3558,10.77750015258789,6.7804155814358005
3559,10.660499572753906,6.803788539864964
3560,10.826000213623049,6.841799208323879
3561,10.674500465393066,6.832440610169062
3562,10.708999633789062,6.811494995428115
3563,11.12600040435791,6.9229030096298585
3564,11.19499969482422,6.96577443951885
3565,11.12600040435791,6.749699092148825
3566,11.065999984741213,6.7686941764127555
3567,10.585000038146973,6.8615740492245925
3568,10.498000144958496,6.844185552149986
3569,10.074000358581545,6.764017155105464
3570,10.135000228881836,6.482550064697817
3571,9.6850004196167,6.34030673753465
3572,10.25450038909912,6.035365707555977
3573,9.706500053405762,5.863074796263583
3574,9.91800022125244,5.632962310918039
3575,10.114999771118164,5.545233235597868
3576,10.147500038146973,5.57446234099832
3577,9.883999824523926,5.69406539245335
3578,9.796500205993652,5.788979693608189
3579,9.12600040435791,5.79923345541906
3580,8.946499824523926,5.739024019026392
3581,8.876999855041504,5.458739091309565
3582,9.677499771118164,5.184782947863342
3583,9.68649959564209,5.229743092949795
3584,9.601499557495115,5.276484074639535
3585,9.963500022888184,5.3188843857426225
3586,10.326499938964844,5.529105104654771
3587,10.54599952697754,5.751942392246019
3588,10.761500358581545,6.033049215346797
3589,10.626999855041504,6.293755190392989
3590,10.5,6.374266771468501
3591,10.809000015258787,6.405788452491902
3592,10.994999885559082,6.517568502479453
3593,10.86299991607666,6.602916548770458
3594,10.569499969482422,6.670611876653262
3595,10.82800006866455,6.688301039383338
3596,10.976499557495115,6.729245475753189
3597,11.128499984741213,6.762514586084826
3598,11.33899974822998,6.870802055226024
3599,11.96500015258789,6.984219821927833
3600,12.084500312805176,7.31653888945839
3601,11.662500381469728,7.375295488144646
3602,11.593500137329102,7.395188773091453
3603,11.161499977111816,7.403961225069447
3604,11.180500030517578,7.372471812456039
3605,11.49250030517578,7.197803288789655
3606,11.21049976348877,7.150582836490247
3607,11.48550033569336,7.185180646056909
3608,11.121999740600586,7.34793187647017
3609,10.81149959564209,7.077707859360959
3610,10.598999977111816,6.82455497002336
3611,10.625,6.683888239409641
3612,10.975000381469728,6.616797279864597
3613,11.075499534606934,6.53061936599423
3614,11.237000465393066,6.602693327298974
3615,11.565999984741213,6.7349543269235665
3616,11.77400016784668,6.901318100742687
3617,11.840499877929688,7.143008491593894
3618,11.807499885559082,7.413614414826086
3619,12.33549976348877,7.540116452337724
3620,12.116499900817873,7.784755796233983
3621,12.194000244140623,7.892457878455064
3622,11.576499938964844,7.988345926335
3623,11.680500030517578,7.95953061583917
3624,11.73900032043457,7.81665065192825
3625,11.880499839782717,7.753243605919404
3626,11.357500076293944,7.7748474962242184
3627,9.920000076293944,7.854428228578506
3628,10.33899974822998,7.394059758370034
3629,10.866000175476074,6.359328775411633
3630,10.67549991607666,6.0182683854280175
3631,10.604999542236328,5.942641482368814
3632,10.781000137329102,6.060322095844939
3633,10.91450023651123,6.159462799452219
3634,10.824000358581545,6.326946476912289
3635,10.850000381469728,6.463369721797689
3636,10.899499893188477,6.611588778863296
3637,10.560999870300291,6.752197046710674
3638,10.53950023651123,6.7864919128517505
3639,10.869500160217283,6.7500847945553355
3640,10.946499824523926,6.7535682643212205
3641,10.89150047302246,6.80458044460904
3642,10.599499702453612,6.793407982184236
3643,10.22599983215332,6.728983532189713
3644,9.857000350952148,6.634790145276964
3645,9.462499618530272,6.388006660443727
3646,9.616999626159668,6.071501391580094
3647,9.44950008392334,5.68438297131354
3648,9.119999885559082,5.381573554536201
3649,9.707500457763672,5.145632635089128
3650,9.419500350952148,5.276238075466879
3651,9.614500045776367,5.307245739700502
3652,9.856499671936035,5.40214675386299
3653,9.80150032043457,5.470780902662428
3654,9.812000274658203,5.530580340434002
3655,9.599499702453612,5.55052943074868
3656,9.765999794006348,5.550943984910009
3657,9.52400016784668,5.616988309086205
3658,9.65149974822998,5.54794112463885
3659,9.47599983215332,5.58013057193494
3660,9.025500297546388,5.537284956773942
3661,9.010499954223633,5.5078648983119995
3662,9.062999725341797,5.3194834392834425
3663,9.062999725341797,4.9818180656594935
3664,8.966500282287598,4.862830012136103
3665,9.12600040435791,4.799340966403038
3666,8.717499732971191,4.882978786964388
3667,8.951499938964844,4.948840130274504
3668,8.86400032043457,4.852697731398149
3669,8.81350040435791,4.810002069436533
3670,8.694499969482422,4.829162292033959
3671,8.692999839782715,4.8633706029105825
3672,8.654999732971191,4.920181226660055
3673,8.951499938964844,4.727690290711739
3674,8.875499725341797,4.756486240161572
3675,8.880499839782715,4.779952587165541
3676,9.130499839782717,4.820179905576832
3677,8.928000450134277,4.976367741397417
3678,8.967000007629395,4.942560318061419
3679,8.944999694824219,4.936243681898106
3680,8.796500205993652,4.949292647271118
3681,8.920999526977539,5.003462576198065
3682,9.083000183105469,4.9746442286754124
3683,9.472000122070312,5.004034296497479
3684,9.72249984741211,5.128797636152997
3685,9.546500205993652,5.245184096574207
3686,9.304499626159668,5.285817617323063
3687,9.350000381469728,5.285145675138493
3688,9.390000343322754,5.313954531952324
3689,9.666000366210938,5.329968774389561
3690,9.768500328063965,5.446253494412203
3691,9.607500076293944,5.51491004128446
3692,9.722000122070312,5.578115125009583
3693,8.972999572753906,5.747479481329743
3694,9.086000442504885,5.550046163855484
3695,9.383999824523926,4.792806803193534
3696,9.156999588012695,4.620767965127442
3697,9.209500312805176,4.599798054171911
3698,9.27400016784668,4.742479472454282
3699,9.24899959564209,4.915389557590198
3700,9.277000427246094,5.061592028845388
3701,9.579500198364258,5.0786244345250084
3702,9.5649995803833,5.184883169748498
3703,9.22350025177002,5.340981413277809
3704,8.996500015258789,5.252243285795723
3705,9.125,5.18593170325911
3706,9.11299991607666,4.892032543551855
3707,9.029000282287598,4.8014528389300235
3708,8.944499969482422,4.789358638864465
3709,8.956500053405762,4.801103960473741
3710,8.92650032043457,4.817856200428947
3711,9.1899995803833,4.874187353568752
3712,8.98449993133545,5.013570940349789
3713,9.001999855041504,5.027724244601285
3714,8.96500015258789,5.017116289537191
3715,9.012999534606934,4.981505631525086
3716,9.054499626159668,5.02482122658693
3717,9.18850040435791,5.0610074011819774
3718,9.381999969482422,5.080820204917977
3719,9.215999603271484,5.144626619954037
3720,9.169500350952148,5.204306854422812
3721,9.229499816894531,5.195736744356895
3722,9.11299991607666,5.276959748965674
3723,9.221500396728516,5.2552510812354685
3724,9.2524995803833,5.266267896035598
3725,9.276000022888184,5.283726244727132
3726,9.616499900817873,5.261893058897186
3727,9.58650016784668,5.433840406530238
3728,9.619999885559082,5.350745074885132
3729,9.751999855041504,5.4059703706330415
3730,10.143500328063965,5.565751768441843
3731,10.272000312805176,5.742244785972094
3732,10.05799961090088,5.901603277795805
3733,10.23050022125244,5.855220285642816
3734,10.125499725341797,5.904291046534086
3735,9.90250015258789,5.938706634491373
3736,9.982999801635742,5.988485022632383
3737,9.69950008392334,5.941621420984667
3738,9.719499588012695,5.875430560264265
3739,9.593500137329102,5.770029025861544
3740,9.348999977111816,5.727202771746543
3741,9.398500442504885,5.6941098089706355
3742,9.534500122070312,5.638387959337179
3743,9.42300033569336,5.597788984768434
3744,9.274999618530272,5.546661397461344
3745,9.419500350952148,5.511134257686869
3746,9.553500175476074,5.482621131359919
3747,9.55500030517578,5.55431964022368
3748,9.49899959564209,5.6030794854939545
3749,9.411999702453612,5.612347352472436
3750,9.51650047302246,5.605973012799487
3751,9.720999717712402,5.598006132186272
3752,9.799500465393066,5.6589808993383155
3753,11.342499732971191,5.8320963634131315
3754,11.595000267028809,6.369497120843111
3755,11.501999855041504,6.263939559187362
3756,11.512499809265137,6.400918579981355
3757,11.47249984741211,6.645187406605219
3758,11.19950008392334,6.917665656873739
3759,11.258000373840332,7.102299424802818
3760,11.19499969482422,7.175823566415504
3761,11.14900016784668,7.233852037920966
3762,11.334500312805176,7.207211238630344
3763,11.383999824523926,7.262434256608136
3764,11.146499633789062,7.306392182843027
3765,11.219499588012695,7.280245659667835
3766,11.20300006866455,7.354075022476224
3767,10.91800022125244,7.325089638478311
3768,10.692500114440918,7.212889719532492
3769,10.905500411987305,7.094916412596309
3770,10.76650047302246,6.971260069217743
3771,10.86400032043457,6.912754784501083
3772,10.76200008392334,6.905085532516514
3773,10.64449977874756,6.852150154993083
3774,10.737500190734863,6.809867149051032
3775,10.46150016784668,6.845128548978501
3776,10.645500183105469,6.829436231384492
3777,10.41100025177002,6.79872809392128
3778,10.728500366210938,6.665837670487638
3779,10.660499572753906,6.647214622009515
3780,10.881999969482422,6.63695098986147
3781,10.9399995803833,6.708747822468622
3782,10.923999786376951,6.849225498162615
3783,10.824999809265137,6.92851315742849
3784,10.821000099182127,6.981820570737729
3785,10.736499786376951,6.969100743146649
3786,10.72249984741211,6.939923267202187
3787,10.917499542236328,6.942969405105572
3788,11.133000373840332,6.977640103315984
3789,11.201499938964844,7.021731658731083
3790,11.151000022888184,7.091811052669876
3791,11.028499603271484,7.1664702830576275
3792,11.107999801635742,7.221376690989131
3793,11.003499984741213,7.243322246811524
3794,11.280500411987305,7.2381911899942075
3795,11.281000137329102,7.308351065143808
3796,11.065500259399414,7.3199532668640535
3797,11.417499542236328,7.3056200187733005
3798,11.465999603271484,7.370640485281821
3799,11.476499557495115,7.405775089339434
3800,11.352999687194824,7.460993551776992
3801,11.2524995803833,7.545214861116695
3802,11.2524995803833,7.556301527533751
3803,10.975000381469728,7.494794141802639
3804,10.918499946594238,7.434739973406292
3805,10.767999649047852,7.33339894386581
3806,10.919500350952148,7.197983991885619
3807,10.80049991607666,7.11392895976447
3808,10.846500396728516,7.055277138503605
3809,10.873499870300291,7.041632536244948
3810,11.308500289916992,7.04996082305009
3811,11.41450023651123,7.218922773316215
3812,11.30049991607666,7.273489793500257
3813,11.152000427246094,7.32033441373033
3814,10.852499961853027,7.2678690161077455
3815,11.000499725341797,7.134709815800274
3816,11.866000175476074,7.145102521588294
3817,11.804499626159668,7.325688692019131
3818,11.664999961853027,7.232979651966083
3819,11.604499816894531,7.348627355612618
3820,11.540499687194824,7.464551428700038
3821,11.748499870300291,7.571599031640781
3822,11.69950008392334,7.678923763279113
3823,11.82800006866455,7.74226323544115
3824,11.718999862670898,7.840162554334562
3825,11.70300006866455,7.882062894896927
3826,11.637499809265137,7.918012940656492
3827,11.621999740600586,7.929829252767754
3828,11.659500122070312,7.914534785687548
3829,11.871000289916992,7.921731780001154
3830,12.077500343322754,7.95132456936365
3831,12.058500289916992,8.021761573210842
3832,12.017499923706056,8.037955759487337
3833,11.97249984741211,8.052533488237335
3834,12.154999732971191,8.111824603644424
3835,12.0600004196167,8.178401546399689
3836,12.286999702453612,8.208729296253331
3837,12.196000099182127,8.294792562361133
3838,12.305500030517578,8.303451125833268
3839,12.355999946594238,8.338900821423758
3840,12.310999870300291,8.368891461300056
3841,12.41349983215332,8.457003201999916
3842,12.394000053405762,8.490172090446395
3843,12.310999870300291,8.509497451377317
3844,12.569000244140623,8.46306966307869
3845,12.956999778747559,8.558665397126921
3846,12.85449981689453,8.650669846957053
3847,12.783499717712402,8.682342999693246
3848,12.781499862670898,8.76844498789304
3849,13.01200008392334,8.836443259201431
3850,13.06350040435791,8.953145570412223
3851,12.899999618530272,9.037372953805573
3852,12.937499999999998,9.03350833717341
3853,13.083999633789062,9.057821255404267
3854,13.040499687194826,9.119935287243257
3855,12.87349987030029,9.153613636939282
3856,12.739999771118162,9.186131083132246
3857,12.623000144958496,8.999300785553494
3858,12.48349952697754,8.92501890574849
3859,12.829500198364258,8.788951752258077
3860,12.715999603271484,8.793493625871749
3861,12.600500106811523,8.780889964556646
3862,12.529999732971191,8.789240269806253
3863,12.79599952697754,8.770967997926178
3864,13.023500442504885,8.815761106537371
3865,12.92549991607666,8.899340084704027
3866,12.95300006866455,8.976635454374069
3867,12.54800033569336,9.010743543365537
3868,12.249500274658203,9.005689171475497
3869,12.211000442504885,8.8756140719067
3870,12.118000030517578,8.695065105054443
3871,12.208999633789062,8.509479988473085
3872,12.196999549865724,8.433230115286833
3873,12.374500274658203,8.367779909482868
3874,12.24250030517578,8.411154726567759
3875,12.0,8.4477508997839
3876,11.689000129699709,8.340601556444591
3877,11.715499877929688,8.172666121244612
3878,11.424500465393066,8.005821737930765
3879,11.145999908447266,7.81568184037174
3880,11.911999702453612,7.702322536436272
3881,11.64449977874756,7.748248456052412
3882,11.607000350952148,7.482516960871
3883,11.621000289916992,7.440880841642229
3884,11.716500282287598,7.495946693481936
3885,11.878000259399414,7.5685764306952725
3886,11.602999687194824,7.7277872470897195
3887,11.36750030517578,7.798544657266729
3888,11.315500259399414,7.7378777687088585
3889,11.32349967956543,7.663258778926511
3890,11.329999923706056,7.57968967109703
3891,11.147500038146973,7.554377571041433
3892,11.029999732971191,7.499727791876467
3893,11.261500358581545,7.416987033112935
3894,11.48550033569336,7.387362354968798
3895,11.689000129699709,7.394036221412157
3896,11.90149974822998,7.475604687822043
3897,11.994000434875488,7.633906673939731
3898,12.180999755859377,7.779120592964062
3899,12.170000076293944,8.010362093031025
3900,12.35550022125244,8.103937444985311
3901,12.56350040435791,8.209584219303983
3902,12.602499961853027,8.39877276821073
3903,12.51650047302246,8.456339611639107
3904,12.624500274658203,8.497626472783244
3905,12.697999954223633,8.57568565469925
3906,12.668499946594238,8.643749222084333
3907,12.66349983215332,8.715183129986146
3908,12.388500213623049,8.722266995050598
3909,12.534500122070312,8.729031213041939
3910,12.588000297546388,8.72324263991746
3911,12.5625,8.668375713334655
3912,12.459500312805176,8.669070433220396
3913,12.692999839782717,8.666573237915253
3914,13.020000457763674,8.70004506978732
3915,12.899499893188477,8.86557138346002
3916,13.074999809265137,8.879083875051881
3917,12.845999717712402,8.982906155506686
3918,12.930999755859379,9.048995655456872
3919,12.431500434875488,8.967610929169773
3920,12.415499687194824,8.953011941232015
3921,12.258999824523926,8.81925444664043
3922,12.543499946594238,8.622175702047747
3923,12.865500450134277,8.606579810055365
3924,12.923999786376951,8.67946769454865
3925,12.95750045776367,8.782994624144926
3926,13.423000335693358,8.877962452897519
3927,13.319000244140623,9.136942637451588
3928,13.31750011444092,9.21563731723029
3929,13.267000198364258,9.292264540999291
3930,13.397000312805174,9.374770689440751
3931,13.636500358581543,9.425198242065159
3932,13.595000267028809,9.549890970847045
3933,13.446499824523926,9.56079997119496
3934,13.52400016784668,9.575629013914554
3935,13.605999946594237,9.618852738915004
3936,13.509499549865723,9.698236064525803
3937,13.405500411987305,9.695924887113563
3938,13.67300033569336,9.681878638057576
3939,14.19950008392334,9.728442333306528
3940,13.802000045776367,9.885682878549607
3941,13.017499923706058,9.899241684800517
3942,13.637999534606934,9.83529101099037
3943,13.274999618530272,9.761441148250924
3944,13.25,9.378538880471284
3945,12.99899959564209,9.206735791612322
3946,13.344499588012695,9.041708309595284
3947,13.111000061035154,9.0842646479514
3948,13.011500358581545,9.09315326620537
3949,13.09749984741211,9.139861979485117
3950,12.86050033569336,9.158400750468903
3951,12.935000419616701,9.111345056874638
3952,13.47350025177002,9.084165944579654
3953,13.461999893188475,9.225282914419871
3954,13.25450038909912,9.263444674963226
3955,13.487500190734862,9.307260620194146
3956,13.320500373840332,9.350050050358918
3957,13.29699993133545,9.410452717583196
3958,13.270999908447266,9.436447389417241
3959,12.993499755859377,9.409103518417114
3960,12.968000411987305,9.3414598199903
3961,13.162500381469728,9.281190022689525
3962,13.213500022888184,9.236071952208281
3963,13.286999702453613,9.23870505446375
3964,13.655500411987303,9.285051602294864
3965,13.779500007629396,9.403729499453965
3966,13.689499855041504,9.541112444815406
3967,13.694000244140623,9.610175953281933
3968,13.709500312805176,9.703166677572806
3969,13.562000274658203,9.779274569755088
3970,13.706500053405762,9.803242785441544
3971,13.75500011444092,9.858260044852084
3972,13.286999702453613,9.849456463349156
3973,13.090999603271483,9.816689221700006
3974,12.894499778747559,9.611585133727766
3975,12.820500373840334,9.337015131234962
3976,12.86400032043457,9.183075834148392
3977,12.669500350952148,9.058419549688383
3978,12.887499809265135,8.97050749350213
3979,12.800999641418455,8.957275167634684
3980,13.01550006866455,8.931614568751158
3981,13.265000343322754,8.98510420366977
3982,13.32450008392334,9.098966894801137
3983,13.080499649047852,9.208365915759522
3984,13.166000366210936,9.264907003378461
3985,12.951499938964844,9.309493594165694
3986,12.954000473022461,9.27345623388497
3987,12.77400016784668,9.220745596346434
3988,12.947500228881836,9.147883526581145
3989,13.057000160217283,9.100110335399965
3990,13.238499641418455,9.107684680296318
3991,13.49250030517578,9.183132019144617
3992,13.643500328063965,9.327448496742775
3993,13.385999679565431,9.459619144819387
3994,13.61699962615967,9.529143522106292
3995,13.369999885559082,9.581570956893591
3996,12.970999717712402,9.603981937076595
3997,13.015999794006348,9.49244257146476
3998,13.177499771118162,9.365848663891729
3999,13.44499969482422,9.295340289914199
4000,13.439000129699707,9.3491199608944
4001,13.734999656677248,9.426724348043674
4002,12.740500450134276,9.65352647415224
4003,12.487000465393066,9.61974258777412
4004,12.690500259399414,9.060267580510127
4005,12.411499977111816,8.699274424231005
4006,12.6274995803833,8.532893946764359
4007,12.90250015258789,8.50007127937569
4008,12.78600025177002,8.587687984703415
4009,12.886500358581543,8.670065818761607
4010,12.934000015258789,8.807120765226173
4011,13.008000373840332,8.891969220604809
4012,13.181500434875488,8.98295854421938
4013,13.225500106811522,9.100732925898663
4014,13.416500091552734,9.168252865482444
4015,13.32800006866455,9.298151817495514
4016,13.206000328063965,9.378160770631832
4017,13.49499988555908,9.386131447528575
4018,13.381500244140623,9.48495857811639
4019,13.442999839782717,9.520417384787349
4020,13.147999763488768,9.559563142021327
4021,13.09000015258789,9.557076576310065
4022,13.086999893188475,9.43983215581138
4023,13.364500045776367,9.34919816433509
4024,13.27649974822998,9.41544027488313
4025,13.341500282287596,9.405055161662167
4026,13.46000003814697,9.439094917550118
4027,13.343999862670898,9.535893314220223
4028,13.28499984741211,9.522405878099653
4029,13.35849952697754,9.492384867955124
4030,13.39150047302246,9.527867970840667
4031,13.843500137329102,9.509444606876151
4032,14.053500175476074,9.65217347870263
4033,13.73900032043457,9.7523862527784
4034,13.583499908447267,9.808501397385424
4035,13.78950023651123,9.796455789749032
4036,13.69950008392334,9.83861351833464
4037,13.90299987792969,9.842195691472268
4038,14.088000297546388,9.921934349221347
4039,13.907999992370604,10.00117797159829
4040,13.671999931335451,10.068809521917814
4041,13.66800022125244,10.038515179359223
4042,13.530500411987305,9.991609818592693
4043,13.604499816894531,9.8510129395959
4044,13.878499984741211,9.732261394536344
4045,13.877499580383299,9.777355168803005
4046,13.884499549865723,9.835464121519275
4047,14.104999542236328,9.919509283303249
4048,14.18649959564209,10.002686614672575
4049,14.201499938964844,10.103679145385128
4050,14.293999671936035,10.14823916218766
4051,14.529500007629396,10.263702366454703
4052,14.576499938964844,10.418981751626884
4053,14.616499900817873,10.51952935790988
4054,14.982999801635742,10.584382028686434
4055,15.3774995803833,10.777414694294288
4056,15.328499794006348,10.970817877174538
4057,15.3435001373291,11.06664594377472
4058,15.434499740600586,11.220533611405301
4059,15.20549964904785,11.339384619093307
4060,15.261500358581543,11.398066051365696
4061,15.173999786376951,11.39819512500567
4062,15.053000450134276,11.371123827162899
4063,14.946999549865724,11.33093105493172
4064,15.170000076293944,11.285243541921178
4065,15.600500106811523,11.341432334428658
4066,15.305000305175781,11.405524989242778
4067,15.12049961090088,11.213319913444169
4068,15.060999870300291,11.189205161213508
4069,15.278499603271484,11.179743304146712
4070,15.210499763488771,11.261328474204124
4071,15.049500465393068,11.280834538231009
4072,15.037500381469728,11.258842667749567
4073,14.845499992370605,11.22817097460823
4074,14.786999702453612,11.177691792527831
4075,14.86299991607666,11.128375032463905
4076,14.834500312805176,11.080166787190343
4077,14.69849967956543,11.042866023751285
4078,14.56700038909912,11.01745446106724
4079,14.32349967956543,10.9275561893388
4080,14.241000175476072,10.829582463288228
4081,14.278499603271483,10.70531112197802
4082,14.354499816894531,10.608279633499256
4083,14.228500366210938,10.545180845712936
4084,14.486499786376951,10.514093839153565
4085,14.500499725341797,10.535539804063589
4086,14.310500144958496,10.597412392270156
4087,14.046500205993652,10.600782732786888
4088,14.079000473022457,10.54412775666209
4089,14.199000358581545,10.43168259780032
4090,14.048999786376951,10.39199473127845
4091,14.4399995803833,10.35866032487012
4092,14.682000160217283,10.453407209921346
4093,14.704999923706056,10.548032613899656
4094,14.79300022125244,10.644896306646453
4095,14.98550033569336,10.771284455652232
4096,15.017999649047852,10.889359502986983
4097,14.982000350952148,11.006931163125834
4098,14.942999839782717,11.083601664527063
4099,14.895999908447266,11.124518008398802
4100,14.803000450134274,11.137009299721457
4101,15.208499908447267,11.137663019745089
4102,15.601499557495115,11.20447001728219
4103,15.602999687194824,11.34406999222436
4104,15.817000389099118,11.468477240484892
4105,15.574500083923338,11.686225989634345
4106,15.706500053405762,11.648306431980117
4107,15.63249969482422,11.708650636438053
4108,15.906000137329102,11.759851871645598
4109,15.80049991607666,11.851814562356916
4110,15.631999969482422,11.898883163315178
4111,16.047500610351562,11.89587119196355
4112,16.02549934387207,11.981379441419463
4113,15.73799991607666,12.036137794293351
4114,15.95199966430664,12.03762214115305
4115,15.50150012969971,12.03550305568736
4116,15.161499977111816,11.95353218322344
4117,14.911499977111815,11.814879760650019
4118,15.258500099182127,11.592856396247312
4119,15.54450035095215,11.461530041627471
4120,15.53499984741211,11.454487935681835
4121,15.31999969482422,11.498259084767115
4122,15.524499893188478,11.52594462128482
4123,15.53849983215332,11.571929003667302
4124,16.446500778198242,11.606313462099653
4125,16.32200050354004,11.888750882577224
4126,16.62700080871582,11.993999047125387
4127,16.33799934387207,12.244554519272686
4128,16.61050033569336,12.33624919236688
4129,18.16950035095215,12.510089366967314
4130,17.908000946044922,13.046857283933068
4131,18.13500022888184,13.142244222387223
4132,18.054000854492188,13.405697188194743
4133,18.201499938964844,13.719914057347308
4134,17.950000762939453,13.88472742897333
4135,17.937000274658203,14.004932950624356
4136,17.944499969482422,14.02104741494675
4137,17.80900001525879,14.038577133768623
4138,17.17799949645996,14.037328915744403
4139,17.515499114990234,13.929792351485172
4140,17.7189998626709,13.779570375229852
4141,17.476499557495117,13.717141251857985
4142,17.81100082397461,13.678692492279865
4143,18.3700008392334,13.723616193044442
4144,18.458499908447266,13.908188461180357
4145,18.30900001525879,14.098685968647782
4146,18.246999740600582,14.188761147188655
4147,18.12849998474121,14.259145762323152
4148,18.44599914550781,14.299097850178615
4149,18.61549949645996,14.39066269037613
4150,18.832000732421875,14.514643236368043
4151,19.068500518798828,14.646103979424797
4152,19.33550071716309,14.793360298987539
4153,19.68099975585937,14.98077218720288
4154,19.614999771118164,15.236921103501286
4155,19.232999801635746,15.489571364899692
4156,19.29800033569336,15.490265325528728
4157,19.22450065612793,15.424469657923659
4158,19.34749984741211,15.376874892068326
4159,19.24449920654297,15.3983542642734
4160,19.388999938964844,15.422949625998788
4161,19.10950088500977,15.43698828248772
4162,19.0625,15.386713340461164
4163,19.21199989318848,15.329773643071716
4164,19.44849967956543,15.348835541925752
4165,19.38249969482422,15.388805851942152
4166,19.79800033569336,15.44297729938251
4167,19.75950050354004,15.575501001827286
4168,20.11000061035156,15.636326575036653
4169,20.145999908447266,15.836645827249388
4170,19.959999084472656,15.907362996820995
4171,20.21949958801269,15.951050627668645
4172,19.90399932861328,16.081006523934644
4173,19.668500900268555,16.12140049919284
4174,19.93950080871582,16.094465108300398
4175,19.898500442504883,16.064356024378007
4176,19.82200050354004,16.04021925370288
4177,19.68149948120117,16.02459982475262
4178,19.901500701904297,15.991033085792338
4179,20.09600067138672,15.94470324160875
4180,20.050500869750977,15.998287024358874
4181,19.882999420166016,16.059208263913163
4182,19.548999786376957,16.096843100302742
4183,19.87700080871582,16.018925140134
4184,19.793500900268555,15.972094186524632
4185,19.790000915527344,15.944812574574375
4186,19.980499267578125,15.913695197746774
4187,20.352500915527344,15.966068725307967
4188,20.226999282836918,16.033578794554572
4189,19.99349975585937,16.10234922993269
4190,19.3799991607666,16.1576808216194
4191,19.31399917602539,16.04983296211082
4192,19.72150039672852,15.839148337351471
4193,19.209999084472656,15.717214747438206
4194,20.15049934387207,15.588302069885877
4195,17.934499740600586,15.81324857260564
4196,17.3075008392334,15.369490361348404
4197,17.397499084472656,14.410901437124044
4198,17.322500228881836,13.681109965630906
4199,17.72949981689453,13.345404613192796
4200,18.054000854492188,13.295079560223662
4201,18.043500900268555,13.483692592547467
4202,18.089500427246094,13.663601505996795
4203,17.462499618530273,13.833746378210444
4204,17.860000610351562,13.869551405939216
4205,17.86750030517578,13.766222642343136
4206,17.6825008392334,13.735159931998348
4207,17.368999481201172,13.746978521879726
4208,17.489999771118164,13.631667168953829
4209,17.33799934387207,13.552382546714776
4210,17.589000701904297,13.511451017708922
4211,17.916000366210938,13.501143348671944
4212,17.989999771118164,13.59136582301373
4213,18.006500244140625,13.728505806229338
4214,18.104999542236328,13.83753203214521
4215,17.98900032043457,13.957052704247669
4216,18.19499969482422,13.975042532633214
4217,18.61849975585937,14.058867509972526
4218,18.607999801635746,14.250122755632267
4219,18.60300064086914,14.378298954180039
4220,18.526500701904297,14.49473856257065
4221,18.44099998474121,14.572173635474545
4222,18.53199958801269,14.607556516474931
4223,18.57550048828125,14.618951441114513
4224,18.687000274658203,14.73494005102192
4225,18.75200080871582,14.687823616891198
4226,18.938499450683597,14.661787185938337
4227,18.661500930786133,14.762669624428558
4228,18.44849967956543,14.801033347255636
4229,18.0310001373291,14.756812718200564
4230,17.592500686645508,14.66169759364706
4231,17.73550033569336,14.36276304346741
4232,17.170499801635742,14.10110951605247
4233,16.923500061035156,13.810856307046125
4234,16.914499282836914,13.559170301663995
4235,16.818500518798828,13.269228387906999
4236,17.149499893188477,13.112044027660144
4237,17.097999572753906,13.070529389504289
4238,16.680999755859375,13.099563365931369
4239,16.149999618530273,13.051522157133068
4240,15.887999534606934,12.896887380904051
4241,16.353500366210938,12.354797833687842
4242,16.590499877929688,12.119748661241648
4243,15.855500221252441,12.07083734425858
4244,15.58650016784668,12.02994074106119
4245,15.795499801635742,11.921294902754887
4246,15.803999900817873,11.747838152790846
4247,16.18400001525879,11.718320529842218
4248,16.245500564575195,11.765552370992213
4249,16.543500900268555,11.884584081776183
4250,16.465999603271484,12.04333402935025
4251,16.229000091552734,12.240434033130695
4252,16.857500076293945,12.343497056879771
4253,15.191499710083008,12.598318792456562
4254,14.82900047302246,12.326898186779122
4255,15.019000053405762,11.613008587730773
4256,15.206500053405763,10.894341745489976
4257,15.394499778747562,10.654257182571387
4258,15.400500297546388,10.768964167159524
4259,15.502499580383303,10.963952678041336
4260,14.869000434875488,11.133697421971066
4261,14.635499954223633,11.208935965225288
4262,14.41600036621094,11.137928000335389
4263,14.612000465393065,10.831561845520062
4264,15.142999649047852,10.701604430740652
4265,15.232000350952148,10.74867530946903
4266,14.880999565124512,10.880068478678975
4267,14.759499549865726,10.944328169968356
4268,14.885000228881836,10.966768761162884
4269,14.838000297546388,10.926311008341404
4270,15.059499740600584,10.87111684211843
4271,15.250499725341797,10.969270512008261
4272,15.245499610900879,11.058544674724592
4273,15.612000465393066,11.137344131928684
4274,15.541000366210936,11.31018284693426
4275,15.508000373840332,11.471943247346545
4276,15.689000129699709,11.486144384770501
4277,15.6274995803833,11.562760978945622
4278,15.442000389099118,11.66554459622699
4279,15.35949993133545,11.609778709704601
4280,15.33899974822998,11.574498328359489
4281,16.178499221801758,11.531518324761578
4282,16.48349952697754,11.782707017001455
4283,16.375,11.90291102013907
4284,16.620500564575195,12.017118413814837
4285,16.760000228881836,12.23698776694339
4286,16.295499801635742,12.466518661652346
4287,16.313499450683594,12.513913742994072
4288,16.381000518798828,12.469450911049872
4289,16.2810001373291,12.445595824612571
4290,16.7189998626709,12.444009737354301
4291,16.350000381469727,12.587090904292241
4292,16.209999084472656,12.52378939496549
4293,16.36199951171875,12.446411266314524
4294,16.20800018310547,12.2921864887066
4295,16.371999740600586,12.26044500286689
4296,16.284500122070312,12.304485688082705
4297,16.228500366210938,12.351351567500538
4298,16.23900032043457,12.36535605743771
4299,16.61949920654297,12.378114607120782
4300,16.642499923706055,12.464588631106382
4301,16.874500274658203,12.548116739073755
4302,16.677499771118164,12.674299888768987
4303,16.190500259399414,12.766954262339222
4304,16.49850082397461,12.750015245234408
4305,16.395999908447266,12.660353861598155
4306,17.309999465942383,12.553243240350838
4307,17.766000747680664,12.809337490166431
4308,17.722000122070312,12.964982077814069
4309,17.795000076293945,13.13701142517134
4310,17.622499465942383,13.342988658355168
4311,17.933000564575195,13.496647030460617
4312,17.988000869750977,13.647165116831172
4313,18.04199981689453,13.760321699226209
4314,17.906999588012695,13.894366952109266
4315,17.930500030517578,13.95198238796681
4316,16.20050048828125,14.07901210888893
4317,16.02050018310547,13.716766179045354
4318,16.0,12.664064349119053
4319,16.125499725341797,12.113710292660985
4320,15.649499893188477,12.000718468971089
4321,15.352999687194822,11.914409203690632
4322,15.682499885559082,11.794743513557378
4323,15.616000175476074,11.615210432177387
4324,15.69449996948242,11.540048573850443
4325,15.572500228881834,11.570519063964761
4326,15.840000152587892,11.638174910498869
4327,15.916500091552734,11.728729939277763
4328,15.965999603271486,11.823886063693376
4329,16.31399917602539,11.916592825976307
4330,16.660499572753906,12.16151765039392
4331,16.681499481201172,12.318870565629448
4332,16.726499557495117,12.47099599844603
4333,16.756500244140625,12.567922709499404
4334,16.788999557495117,12.669276646403883
4335,16.64550018310547,12.77570469587275
4336,16.579500198364258,12.831307342203408
4337,16.701000213623047,12.842392490107052
4338,17.09149932861328,12.84876417238153
4339,17.159000396728516,12.975216858207297
4340,17.000999450683594,13.058891502718874
4341,16.95199966430664,13.085675042270173
4342,17.118999481201172,13.097988667523687
4343,16.950000762939453,13.14992486322238
4344,17.297500610351562,13.145919024842952
4345,17.319000244140625,13.270602642544368
4346,17.117000579833984,13.289637208156996
4347,16.487499237060547,13.30356501316689
4348,16.566499710083008,13.1823041246949
4349,16.525999069213867,12.998064410996095
4350,16.559499740600586,12.809905414182317
4351,16.194499969482422,12.727738653488316
4352,16.38800048828125,12.59900516051854
4353,16.200000762939453,12.490141415537694
4354,16.25,12.415720591755543
4355,16.56599998474121,12.337257485272088
4356,16.225000381469727,12.470394667135093
4357,16.181499481201172,12.327712869224369
4358,16.410499572753906,12.26603768776129
4359,16.096500396728516,12.310379038632574
4360,16.160499572753906,12.313470731938303
4361,16.090999603271484,12.314018915279838
4362,16.121999740600586,12.225299009958691
4363,15.873000144958496,12.223877681405567
4364,15.920499801635742,12.17885603652595
4365,16.136999130249023,12.123192649658835
4366,16.110000610351562,12.105202062016584
4367,15.848999977111816,12.115642600977065
4368,16.135000228881836,12.101848425147379
4369,15.768500328063965,12.148671786189691
4370,15.569499969482422,12.089680577181365
4371,15.322500228881836,11.981302756492186
4372,15.415499687194826,11.820543815674757
4373,15.298500061035156,11.662384569817746
4374,15.142999649047852,11.563744975636247
4375,15.182000160217283,11.358849683258082
4376,15.310500144958494,11.246565486817927
4377,15.766500473022461,11.211017087855693
4378,15.648500442504885,11.34537667301492
4379,15.659000396728517,11.476134344362169
4380,14.352999687194824,11.702864341083691
4381,14.49849987030029,11.494785485338404
4382,14.779500007629398,10.60622584411026
4383,14.706000328063967,10.332292857993561
4384,14.953499794006348,10.326454173926505
4385,15.27299976348877,10.45667581003951
4386,15.286000251770021,10.706792431810898
4387,15.140500068664549,10.899608709257619
4388,14.826000213623049,11.042298099735401
4389,14.83199977874756,11.077870035655513
4390,14.993000030517578,11.009959078868283
4391,15.255499839782717,10.968609199417571
4392,15.600500106811523,11.04669647383169
4393,15.575499534606934,11.233433382835637
4394,15.824000358581545,11.347414518013098
4395,16.391000747680664,11.559616137670492
4396,16.15250015258789,11.90422301572657
4397,16.24650001525879,11.904370311527481
4398,16.32699966430664,11.972597119104297
4399,16.527000427246094,12.09989106136001
4400,16.631500244140625,12.247059307144887
4401,16.781999588012695,12.427624977644669
4402,16.75200080871582,12.549169068867895
4403,16.678499221801758,12.657464889832857
4404,16.93199920654297,12.711801855235063
4405,16.299999237060547,12.842345416191296
4406,16.315500259399414,12.832886596151324
4407,15.824999809265137,12.677292119446266
4408,15.846500396728516,12.506814692795505
4409,15.631500244140623,12.231136934769042
4410,15.331999778747559,12.01955335007011
4411,15.625,11.83073152215223
4412,15.29199981689453,11.726779408800745
4413,15.368000030517578,11.577505744170882
4414,15.366000175476074,11.526245286940288
4415,15.303500175476074,11.488687894734694
4416,14.753000259399414,11.468231241312235
4417,14.944000244140623,11.363573019224424
4418,14.886500358581543,11.153896687370283
4419,14.994999885559082,11.082719408235006
4420,15.326999664306642,10.992583489157672
4421,15.314499855041504,10.869618828638027
4422,15.151499748229982,10.929392072053254
4423,15.454500198364256,11.02593763624035
4424,15.602000236511229,11.24022569332509
4425,15.515000343322756,11.408393461077022
4426,15.517499923706056,11.495048188158586
4427,15.425999641418455,11.581667989431688
4428,15.10949993133545,11.640169477864818
4429,14.76449966430664,11.575340344046142
4430,14.92099952697754,11.415599566471096
4431,15.02299976348877,11.254428349262458
4432,14.846500396728514,11.187781554890266
4433,14.570500373840332,11.114389523944377
4434,14.737000465393066,11.030903175095819
4435,14.66349983215332,10.989895720419392
4436,14.34749984741211,10.923654369128059
4437,14.536999702453612,10.731570774402366
4438,14.47200012207031,10.614412909168136
4439,14.862500190734863,10.55093297451554
4440,15.515999794006348,10.74925841861903
4441,15.619500160217282,10.788019991959912
4442,15.482999801635742,10.965449173008327
4443,15.337499618530272,11.132364926452512
4444,15.195500373840334,11.24984699430009
4445,15.588999748229982,11.318382819356135
4446,17.726499557495117,11.51273962865878
4447,18.223499298095703,12.286358434233424
4448,18.177499771118164,12.349152000824041
4449,18.237499237060547,12.634091172146986
4450,18.694499969482425,13.038721089074476
4451,18.714000701904297,13.603650596512427
4452,18.527999877929688,13.924945256675798
4453,18.649999618530277,14.148699726367568
4454,18.756999969482425,14.350157863638897
4455,18.85849952697754,14.537991898582623
4456,19.09149932861328,14.687899542561771
4457,18.771499633789062,14.861696439529979
4458,18.668500900268555,14.898433834493385
4459,18.950000762939453,14.847303969416178
4460,19.183000564575195,14.879921637494299
4461,19.006999969482425,14.970623962074106
4462,18.929500579833984,14.9993284210909
4463,19.26849937438965,15.027370808260295
4464,19.239999771118164,15.133209674525517
4465,19.007999420166016,15.195338132241917
4466,19.28300094604492,15.207553054123686
4467,19.230499267578125,15.246275146115869
4468,19.13599967956543,15.272709427582532
4469,19.39150047302246,15.300340297617424
4470,19.004499435424805,15.376662300190722
4471,18.92799949645996,15.335490846065857
4472,18.475500106811523,15.246993402959488
4473,18.318500518798828,15.083280953556773
4474,18.71199989318848,14.878961937018257
4475,18.52899932861328,14.808715506604203
4476,18.667499542236328,14.727932111628041
4477,18.59600067138672,14.700272389838332
4478,18.756999969482425,14.684546664949272
4479,18.66200065612793,14.727547927734943
4480,18.92449951171875,14.73383457325838
4481,18.75550079345703,14.861430699682973
4482,18.704500198364254,14.860798998103807
4483,18.54800033569336,14.868063566264222
4484,18.36750030517578,14.857818156277114
4485,18.527999877929688,14.756004869065668
4486,18.72949981689453,14.678967646675574
4487,18.604999542236328,14.677324615164377
4488,18.51300048828125,14.721209652755517
4489,18.612499237060547,14.723214090458642
4490,18.851999282836918,14.712162349850049
4491,18.72050094604492,14.784189996495742
4492,19.059999465942383,14.794532591341184
4493,19.177000045776367,14.908709614748723
4494,19.13249969482422,15.014349555757043
4495,19.118000030517575,15.113766628805207
4496,19.25550079345703,15.170862733076033
4497,19.17250061035156,15.260057173838263
4498,19.302000045776367,15.28189339669503
4499,18.777999877929688,15.333428704853096
4500,19.475500106811523,15.285761050354013
4501,19.55900001525879,15.324846067051535
4502,19.489999771118164,15.357284550547105
4503,19.499500274658203,15.379573290400486
4504,22.2549991607666,15.506599974295783
4505,21.92799949645996,16.343953824776147
4506,21.465499877929688,16.578340925374945
4507,21.4685001373291,16.865068146239885
4508,21.089000701904297,17.097081810376576
4509,21.14349937438965,17.172248224243752
4510,21.152000427246094,17.19150904835469
4511,21.059499740600582,17.174919289334508
4512,20.95499992370605,17.202281382495574
4513,21.3439998626709,17.16734038889792
4514,21.684499740600582,17.22770737105703
4515,21.64249992370605,17.3824287025505
4516,21.551000595092773,17.506269545308555
4517,21.3435001373291,17.577718638344486
4518,21.61400032043457,17.582667473552426
4519,21.299999237060547,17.625302774605938
4520,21.261999130249023,17.627569915129243
4521,21.08550071716309,17.493597550889938
4522,21.19300079345703,17.38797127650232
4523,21.581499099731445,17.329511547188005
4524,21.381500244140625,17.43881262403135
4525,21.273500442504883,17.433321679535517
4526,21.57099914550781,17.43474148957523
4527,21.328500747680664,17.480568705819625
4528,21.46150016784668,17.48048822460882
4529,21.54599952697754,17.539023879593707
4530,21.54949951171875,17.556111711012846
4531,21.829500198364254,17.570984031364667
4532,21.53899955749512,17.695345724222854
4533,21.34749984741211,17.716122024718427
4534,21.174999237060547,17.660397138058144
4535,21.27400016784668,17.566504416800864
4536,21.53849983215332,17.48573620695882
4537,21.648500442504883,17.48698442498304
4538,21.496000289916992,17.57688041894136
4539,21.183500289916992,17.59788449644865
4540,21.363000869750977,17.539685951441104
4541,21.390499114990234,17.50947057157991
4542,21.96949958801269,17.491582483592932
4543,21.746000289916992,17.637016587061925
4544,21.81450080871582,17.741402235992382
4545,22.29949951171875,17.756572184972846
4546,22.04199981689453,17.92811712655186
4547,22.0049991607666,18.00442698101787
4548,21.905000686645508,18.047138207741952
4549,21.493000030517575,18.063659633658617
4550,21.704500198364254,17.965348038373993
4551,21.86949920654297,17.89520638538533
4552,21.885499954223636,17.88430042206424
4553,21.802000045776367,17.902894618787542
4554,21.836000442504883,17.933340812687277
4555,21.48500061035156,17.958602801800296
4556,21.71949958801269,17.83432614569315
4557,22.175500869750977,17.816328724740547
4558,22.778499603271484,17.937071800139233
4559,23.278499603271484,18.222203063408728
4560,23.059499740600582,18.57501446942691
4561,23.77400016784668,18.76157599013184
4562,24.15049934387207,19.081645209972162
4563,24.405000686645508,19.428917079065346
4564,24.399999618530277,19.763495694552155
4565,24.41349983215332,19.977003235743403
4566,24.108999252319336,20.144856671219166
4567,26.47100067138672,20.309387599350654
4568,26.570499420166016,21.20430981177281
4569,26.30150032043457,21.38436146548281
4570,26.450000762939457,21.592914097412475
4571,26.83799934387207,21.825708277442654
4572,26.8075008392334,22.10539263310525
4573,26.75149917602539,22.341664208847668
4574,26.59499931335449,22.529443577308584
4575,26.850500106811523,22.601999666621463
4576,26.472999572753903,22.69638134919723
4577,26.131000518798828,22.718055091118977
4578,26.200000762939453,22.604341214301932
4579,26.372999191284183,22.454758532192837
4580,26.295499801635746,22.407424950644273
4581,26.482999801635742,22.361849807626182
4582,26.57600021362305,22.33584678396837
4583,26.760999679565433,22.382835662972532
4584,26.750999450683597,22.512326894134628
4585,26.64599990844727,22.617956205549067
4586,25.788999557495117,22.687882229633303
4587,24.723499298095703,22.571424399081753
4588,23.168500900268555,22.148582191553942
4589,23.318500518798828,21.247971627892465
4590,25.03849983215332,20.346970806284244
4591,25.91850090026855,20.243748338626965
4592,25.900499343872074,20.560376607076925
4593,25.64450073242188,20.89251649002493
4594,24.82699966430664,21.207720392894945
4595,25.527500152587887,21.23442952528908
4596,25.23600006103516,21.291530185100143
4597,24.950000762939453,21.287949530475924
4598,25.877000808715824,21.216793510528408
4599,25.84449958801269,21.375385532707686
4600,26.11199951171875,21.561833164906748
4601,26.472000122070316,21.722601216804645
4602,26.069000244140625,21.95595117274342
4603,26.11849975585937,22.057806978330387
4604,26.369499206542972,22.12441201358376
4605,26.943500518798828,22.18558077082412
4606,27.01300048828125,22.41150064064063
4607,27.41950035095215,22.632379045931096
4608,26.92000007629394,22.777189040387977
4609,26.80349922180176,22.85071394125737
4610,26.687499999999996,22.82720583513459
4611,26.21249961853028,22.800545295169616
4612,25.202999114990234,22.675024976578484
4613,24.80349922180176,22.329488768314597
4614,25.59449958801269,21.82248599198354
4615,26.035999298095703,21.591477583725236
4616,26.627000808715824,21.571720205728752
4617,27.18400001525879,21.752060376986933
4618,26.874000549316406,22.086707325577258
4619,27.09700012207031,22.4266842562418
4620,26.658000946044922,22.66765411247927
4621,26.98999977111816,22.70440517406338
4622,27.50950050354004,22.717692166413638
4623,27.444999694824215,22.867359885273775
4624,27.241500854492188,23.0495480873537
4625,28.12199974060058,23.17851543138884
4626,28.53800010681152,23.43938540588347
4627,28.657499313354485,23.710654160219764
4628,28.04400062561035,23.997431492027278
4629,27.78849983215332,24.090967362632867
4630,28.195499420166016,24.0376827270248
4631,29.951499938964847,24.141740377058383
4632,30.430500030517575,24.67062189462173
4633,30.550500869750977,25.063907757108918
4634,30.854999542236328,25.51034766305079
4635,31.32749938964844,25.95104606978394
4636,31.295000076293945,26.36893184953675
4637,31.417499542236328,26.701474138538792
4638,31.265499114990234,26.934098245066888
4639,32.04750061035156,27.0887588360239
4640,32.782501220703125,27.367047677861365
4641,32.96849822998047,27.73593710388007
4642,32.77450180053711,28.08956850714044
4643,32.98400115966797,28.334377165282078
4644,33.662498474121094,28.50387970632268
4645,33.279998779296875,28.821832118467434
4646,32.11750030517578,28.97431819821924
4647,32.390499114990234,28.869707809303886
4648,32.165000915527344,28.65277905739662
4649,33.176998138427734,28.309534285870622
4650,33.063499450683594,28.373226812400823
4651,33.42250061035156,28.538392479138302
4652,33.949501037597656,28.768383483410933
4653,33.557498931884766,29.09344557534813
4654,33.766998291015625,29.25854746452233
4655,33.66299819946289,29.367971540952002
4656,33.2400016784668,29.485094480377768
4657,33.952999114990234,29.582552671125153
4658,33.800498962402344,29.643396466495457
4659,33.3125,29.656868717481913
4660,33.63199996948242,29.598897949486087
4661,33.49150085449219,29.537987339525678
4662,33.86650085449219,29.437267381970482
4663,33.239498138427734,29.445515946821523
4664,33.11600112915039,29.39626448283429
4665,32.00749969482422,29.266908399365818
4666,32.89550018310547,28.95487515249893
4667,32.93199920654297,28.740114837743228
4668,33.78850173950195,28.702167187590888
4669,33.532501220703125,28.90680812897263
4670,33.207000732421875,29.114625800411147
4671,33.22549819946289,29.281559016759566
4672,33.157501220703125,29.19608493385541
4673,33.185001373291016,29.147176653899166
4674,33.13949966430664,29.14218378180229
4675,33.7599983215332,29.108740042428337
4676,34.69850158691406,29.311892840666854
4677,34.45349884033203,29.678893236001702
4678,33.79449844360352,29.884165878962616
4679,31.849500656127933,29.94457234247042
4680,31.68950080871582,29.5268444881124
4681,31.632499694824222,28.793472361995043
4682,30.39699935913086,28.193969341205012
4683,30.352500915527344,27.55766059234806
4684,30.88699913024902,27.03719012057078
4685,30.894500732421875,26.779966096777063
4686,29.090499877929688,26.69074432277343
4687,29.649999618530277,26.37448960862269
4688,28.509000778198235,26.034843713881845
4689,28.724000930786133,25.449690644830095
4690,28.588499069213867,24.96740471129734
4691,28.750999450683594,24.69869313354594
4692,29.81900024414062,24.477388025986855
4693,29.82649993896484,24.72940051175245
4694,30.062500000000004,25.04747744199694
4695,29.167499542236328,25.3767488531107
4696,31.767499923706048,25.460236720472672
4697,29.350000381469723,26.130382503677144
4698,28.740499496459964,25.803692565362862
4699,27.604999542236328,25.03137664429525
4700,26.553499221801758,24.410290992388166
4701,26.8129997253418,23.82462162877652
4702,25.10650062561035,23.185421630384152
4703,24.405000686645508,22.49454358357304
4704,24.103500366210938,21.656087292355956
4705,24.52400016784668,20.811569095600333
4706,25.19099998474121,20.452171896916653
4707,25.35400009155273,20.464702669588007
4708,26.055000305175785,20.588678660039683
4709,26.70499992370605,20.969518786606564
4710,26.25,21.461145096133194
4711,26.745000839233402,21.815962458367917
4712,27.975000381469727,22.113940345098346
4713,27.646999359130863,22.577120342888133
4714,27.70199966430664,22.8931396874601
4715,27.75749969482422,23.15623732112934
4716,27.76149940490723,23.259678454717868
4717,27.625999450683597,23.414418008372273
4718,28.95199966430664,23.499468426034632
4719,29.010499954223636,23.842183236380034
4720,28.874500274658203,24.16790740016463
4721,28.75699996948243,24.38652322047202
4722,28.13999938964844,24.569747048698563
4723,28.013000488281246,24.549058821980857
4724,27.973499298095703,24.376361328722545
4725,27.94650077819824,24.176693518763326
4726,28.480499267578125,24.015876874436263
4727,28.668500900268555,24.07400708634029
4728,28.850999832153324,24.19600597233025
4729,28.713499069213867,24.374514816414212
4730,27.972000122070316,24.496736923875655
4731,27.604000091552734,24.45342284732722
4732,27.69899940490723,24.218571081624518
4733,28.024000167846676,23.872269542601252
4734,28.481500625610355,23.681611072712215
4735,29.147499084472653,23.769871627726396
4736,28.993499755859368,24.097307156125705
4737,29.693000793457028,24.33633331519651
4738,29.934499740600586,24.73496130786521
4739,29.68199920654297,25.107938571987557
4740,29.924999237060547,25.346864509173205
4741,29.659500122070316,25.555892435800654
4742,29.30699920654297,25.630897887246217
4743,30.10400009155273,25.5988238469694
4744,29.57150077819824,25.70533845170272
4745,29.72999954223633,25.70438482528032
4746,29.796499252319336,25.708515181759488
4747,30.158500671386715,25.751489111303755
4748,30.740999221801765,25.863160587582385
4749,31.03750038146973,26.122304012328186
4750,31.29450035095215,26.379400480995344
4751,31.767499923706048,26.651272085155988
4752,31.395000457763672,27.004417564124694
4753,31.649499893188484,27.174272400276756
4754,31.549999237060547,27.298550574897313
4755,31.02499961853028,27.401062378278027
4756,31.309999465942383,27.378369713857197
4757,30.8439998626709,27.239225292938464
4758,30.32850074768066,27.10139894166088
4759,30.100000381469723,26.91979081170413
4760,32.97949981689453,26.752535670512483
4761,34.192501068115234,27.326618776794703
4762,33.566001892089844,28.00413997963863
4763,33.54499816894531,28.500924679223985
4764,32.954498291015625,28.851075649745297
4765,33.6974983215332,28.960420763477575
4766,33.98749923706055,29.10570301560542
4767,35.153499603271484,29.296069930919458
4768,35.6614990234375,29.823823193018093
4769,35.89649963378906,30.373825713621407
4770,35.49599838256836,30.79160519743542
4771,35.53300094604492,31.050930843790596
4772,34.76350021362305,31.206912541415576
4773,34.872501373291016,31.099447347286684
4774,34.92599868774414,30.95817700759191
4775,35.13999938964844,30.812117276597395
4776,34.837501525878906,30.8274512250263
4777,35.209999084472656,30.847146343972913
4778,35.41749954223633,30.956600790670816
4779,35.74549865722656,31.096149136156995
4780,35.61199951171875,31.252580313751768
4781,36.13949966430664,31.38448749975149
4782,35.97200012207031,31.616252127688703
4783,36.4119987487793,31.741429262248843
4784,36.277000427246094,31.907411889201686
4785,36.33649826049805,32.0158337467798
4786,36.1870002746582,32.09707117726599
4787,36.33200073242188,32.15366920913785
4788,36.38249969482422,32.205748145097225
4789,35.89550018310547,32.249602812420136
4790,35.762001037597656,32.19017427154931
4791,35.96500015258789,32.045138018594116
4792,35.7130012512207,31.93188728836757
4793,35.8754997253418,31.854133327647265
4794,35.31949996948242,31.82291572893451
4795,35.70050048828125,31.714627500536608
4796,35.79100036621094,31.60480557359313
4797,35.529998779296875,31.581277726796
4798,36.104000091552734,31.57834092185824
4799,34.948001861572266,31.7108099578202
4800,34.56800079345703,31.589249922206154
4801,35.397499084472656,31.14514245286428
4802,35.779998779296875,30.96589409274894
4803,35.78099822998047,31.074601430848404
4804,36.28400039672852,31.2854379069489
4805,36.40499877929688,31.576661446025167
4806,36.88050079345703,31.824898907449874
4807,36.82849884033203,32.13599371302848
4808,37.29050064086914,32.337506516782625
4809,37.68899917602539,32.6204754169542
4810,37.41049957275391,32.93193162872473
4811,37.13150024414063,33.171796007198665
4812,37.060001373291016,33.17566517937106
4813,36.77199935913086,33.12458238820961
4814,36.80350112915039,33.06823946659087
4815,36.997501373291016,32.97697681056223
4816,37.2859992980957,32.90700978661589
4817,37.22150039672852,32.97139171823489
4818,37.24300003051758,33.06165215541196
4819,36.980499267578125,33.15426628837679
4820,36.77949905395508,33.165618694640855
4821,36.83349990844727,33.0884417690169
4822,37.63050079345703,33.01705645354426
4823,37.94049835205078,33.19290941767158
4824,38.387001037597656,33.32612252520516
4825,38.02899932861328,33.491102933306436
4826,37.73199844360352,33.64484634216293
4827,38.03850173950195,33.686942570955374
4828,38.29899978637695,33.728847467057975
4829,38.32799911499024,33.85321978951004
4830,38.41550064086914,33.98046817636341
4831,38.428001403808594,34.12740864513657
4832,38.5620002746582,34.2558445094777
4833,38.62799835205078,34.3923345689532
4834,38.42449951171875,34.47307696406725
4835,38.20199966430664,34.50281553071725
4836,38.23149871826172,34.441786476710746
4837,38.22299957275391,34.3814802350881
4838,37.865501403808594,34.30606478502144
4839,37.9739990234375,34.2042120164613
4840,38.122501373291016,34.092042467783706
4841,37.86249923706055,34.06995417170064
4842,37.96099853515625,34.041898117910534
4843,38.45000076293945,34.01997078424908
4844,38.56449890136719,34.12009548454699
4845,38.37900161743164,34.23081333440322
4846,38.45800018310547,34.302790870106335
4847,38.53099822998047,34.363355259008934
4848,38.62200164794922,34.423196835527676
4849,39.44350051879883,34.511067132595116
4850,39.2239990234375,34.750958844310446
4851,39.20299911499024,34.88741245946408
4852,38.00699996948242,35.008699162664065
4853,38.574501037597656,34.86587082820913
4854,38.05049896240234,34.68310862805968
4855,38.054500579833984,34.43737367673705
4856,38.484500885009766,34.26119271371285
4857,38.92599868774414,34.24360529138134
4858,38.755001068115234,34.41008902775997
4859,39.01100158691406,34.43436094612872
4860,39.48699951171875,34.583588296099535
4861,40.23500061035156,34.84111298554872
4862,40.28749847412109,35.245726958085385
4863,39.95800018310547,35.54861268016165
4864,40.80550003051758,35.74425794809392
4865,41.43600082397461,36.041124283007164
4866,41.45249938964844,36.407219644348785
4867,41.865501403808594,36.7341525448089
4868,41.83700180053711,37.05751693875209
4869,41.70149993896485,37.26067884807107
4870,42.21799850463867,37.42691354825022
4871,42.08300018310547,37.6576668462554
4872,41.97150039672852,37.78572004521684
4873,42.08549880981445,37.86990035469444
4874,41.54999923706055,37.943891439181144
4875,41.704498291015625,37.911671621616826
4876,41.4640007019043,37.810332110589755
4877,41.14799880981445,37.672748721458
4878,40.647499084472656,37.498153086435366
4879,40.88249969482422,37.25990744325805
4880,40.884498596191406,37.07691746609688
4881,40.51599884033203,36.96838323852632
4882,40.949501037597656,36.828479560901854
4883,41.90449905395508,36.758421426150825
4884,41.75899887084961,36.97756417061199
4885,41.12950134277344,37.18791775944764
4886,40.917999267578125,37.255849975422635
4887,38.81600189208984,37.25055947469712
4888,39.49100112915039,36.590121547732096
4889,39.27050018310547,35.83012077043141
4890,38.27799987792969,35.40777056124891
4891,38.35150146484375,34.9998644516362
4892,37.75249862670898,34.68110722738337
4893,39.24649810791016,34.35923705063706
4894,39.38750076293945,34.43461605638184
4895,38.59400177001953,34.5621408126761
4896,37.11899948120117,34.62505889736645
4897,36.95050048828125,34.218167154712596
4898,35.95349884033203,33.517166697500706
4899,37.1619987487793,32.86610710936485
4900,37.324501037597656,32.662589867907585
4901,37.81999969482422,32.59382246955629
4902,38.007999420166016,32.83678765241641
4903,39.0,33.194136376508034
4904,39.26649856567383,33.69595646656579
4905,39.00600051879883,34.20207698660479
4906,39.01850128173828,34.46863683085215
4907,38.3385009765625,34.63805433514171
4908,38.1259994506836,34.684265735279205
4909,37.52849960327149,34.51760281431803
4910,37.182498931884766,34.25728406019176
4911,37.016998291015625,33.9027536969918
4912,37.96799850463867,33.523340973031694
4913,38.23600006103516,33.475261801398105
4914,38.52099990844727,33.58668424147726
4915,38.36650085449219,33.79413746969703
4916,38.43299865722656,33.96095527902617
4917,38.00600051879883,34.110030777655844
4918,38.71699905395508,34.13382891984021
4919,38.44100189208984,34.29697496374045
4920,38.04999923706055,34.3425576993256
4921,37.88850021362305,34.22725393896676
4922,38.29999923706055,34.11360839525324
4923,38.56100082397461,34.034700364340225
4924,38.52999877929688,34.113875653613654
4925,38.31700134277344,34.21365716988057
4926,38.02949905395508,34.27225052837509
4927,38.56999969482422,34.218674338192024
4928,38.60649871826172,34.288844842935504
4929,38.25749969482422,34.40277283014356
4930,37.493499755859375,34.40136668672456
4931,37.68349838256836,34.21462598143708
4932,37.85900115966797,34.01604694559387
4933,39.022499084472656,33.87967229313764
4934,39.79949951171875,34.122971548948286
4935,39.84600067138672,34.49362548755111
4936,39.79499816894531,34.82669925624716
4937,39.95100021362305,35.129284312667956
4938,40.68199920654297,35.392524686597866
4939,40.85699844360352,35.75300762237074
4940,40.48600006103516,36.042910054779036
4941,40.374000549316406,36.2075563899298
4942,40.45199966430664,36.24951291548839
4943,40.416500091552734,36.3134848484863
4944,40.89400100708008,36.38234943169592
4945,41.12200164794922,36.47114298491753
4946,41.82600021362305,36.62009396544745
4947,41.95750045776367,36.9330352833344
4948,41.78850173950195,37.22129772125832
4949,41.51900100708008,37.40639843206142
4950,41.17399978637695,37.452169463309595
4951,41.61750030517578,37.328957285103876
4952,41.997501373291016,37.33521963441273
4953,40.5099983215332,37.495671835521044
4954,40.38199996948242,37.20402007566275
4955,40.625,36.60729289738887
4956,40.98550033569336,36.37931544189983
4957,41.06800079345703,36.407365421636285
4958,41.37300109863281,36.557400620741994
4959,41.82649993896485,36.791446055823215
4960,41.81949996948242,37.124456046955984
4961,42.1349983215332,37.33156305411794
4962,42.20700073242188,37.54666351587781
4963,42.25350189208984,37.72606676436112
4964,42.821998596191406,37.88683481625902
4965,42.78049850463867,38.124482165152216
4966,42.609500885009766,38.30472667006548
4967,42.262001037597656,38.44234346649228
4968,42.43199920654297,38.39766576490036
4969,42.25199890136719,38.29990083444386
4970,42.65399932861328,38.250373001015745
4971,42.445499420166016,38.3354097520574
4972,42.49399948120117,38.36622342620271
4973,42.33050155639648,38.39731650681573
4974,42.30099868774414,38.3762273925574
4975,42.525001525878906,38.31805618079125
4976,42.650001525878906,38.33757211515532
4977,42.62300109863281,38.405890033536814
4978,42.72949981689453,38.49692794958055
4979,42.62649917602539,38.562090397093044
4980,42.64849853515625,38.582162107365704
4981,42.67100143432617,38.59034993168029
4982,42.615501403808594,38.58171870144955
4983,42.8484992980957,38.61107460271987
4984,42.15999984741211,38.61013008737794
4985,42.40299987792969,38.54788318561545
4986,42.36899948120117,38.43008602623499
4987,42.28049850463867,38.334741606156356
4988,42.34099960327149,38.30717755071157
4989,42.79999923706055,38.28167867350636
4990,43.71599960327149,38.36939408220583
4991,43.81700134277344,38.692722031827145
4992,44.32699966430664,38.97406915967529
4993,44.57550048828125,39.37225678345467
4994,45.34149932861328,39.72517448541165
4995,45.4640007019043,40.17653741183347
4996,44.91400146484375,40.60998491702691
4997,44.74399948120117,40.742104694904235
4998,45.35200119018555,40.68138845466049
4999,45.11800003051758,40.75869900946465
5000,44.811500549316406,40.830409286807345
5001,44.23350143432617,40.83634060019251
5002,45.0994987487793,40.70209186651231
5003,45.18899917602539,40.694626854581585
5004,44.959999084472656,40.772505333401625
5005,45.10300064086914,40.842988651907866
5006,44.92649841308594,40.91625084995708
5007,45.37049865722656,40.909897389843536
5008,45.38100051879883,41.028022548120866
5009,45.464500427246094,41.11799446774976
5010,45.91899871826172,41.1863032750508
5011,46.2495002746582,41.41428680459347
5012,47.4114990234375,41.72710056735385
5013,47.34700012207031,42.118627991310575
5014,47.05149841308594,42.41925720245741
5015,46.87649917602539,42.610848039581086
5016,46.70750045776367,42.68270713123811
5017,47.45199966430664,42.71090288826206
5018,47.64099884033203,42.86620429187871
5019,47.4474983215332,43.05531995214171
5020,47.38100051879883,43.163210330025805
5021,48.067501068115234,43.221919095539604
5022,47.89849853515625,43.42826988302265
5023,48.30350112915039,43.56625415969503
5024,47.23799896240234,43.71238070527965
5025,47.92449951171875,43.64665033375127
5026,47.992000579833984,43.58645342509425
5027,48.53350067138672,43.622587970233305
5028,48.57699966430664,43.78850074556922
5029,49.01750183105469,43.99588412217206
5030,49.66899871826172,44.27212600793088
5031,49.78900146484375,44.68646454035453
5032,49.834999084472656,44.9852168689248
5033,49.73099899291992,45.24011149314534
5034,49.79750061035156,45.393888309296884
5035,50.33649826049805,45.46008638295599
5036,50.56700134277344,45.66420191869737
5037,50.150001525878906,45.853357060309065
5038,50.50350189208984,45.97509020645202
5039,50.51350021362305,46.09559031970487
5040,48.91550064086914,46.18129825367439
5041,48.24549865722656,45.88331429289031
5042,49.03950119018555,45.28902281012841
5043,48.82350158691406,44.781231925336805
5044,48.20849990844727,44.57656061368683
5045,49.385501861572266,44.371233304243106
5046,49.75849914550781,44.59334322391027
5047,49.62950134277344,44.746676634145665
5048,50.11149978637695,45.00923975109407
5049,50.06499862670898,45.28697281702294
5050,50.1870002746582,45.499877508389844
5051,49.69900131225586,45.71216568331169
5052,48.8390007019043,45.76392876848148
5053,49.51649856567383,45.570212012581756
5054,48.79650115966797,45.42423428131146
5055,48.400001525878906,45.13280726143806
5056,47.68299865722656,44.82805073083888
5057,48.56999969482422,44.466195058942056
5058,48.25699996948242,44.369647976241545
5059,48.9379997253418,44.23592768522854
5060,49.82350158691406,44.30843366359884
5061,49.70650100708008,44.65898552166078
5062,50.32550048828125,44.94294752960345
5063,50.03150177001953,45.32615350006538
5064,50.09049987792969,45.55026785743567
5065,50.50199890136719,45.70324289850596
5066,51.22249984741211,45.93687833496609
5067,51.343498229980476,46.21559539758559
5068,51.435001373291016,46.48138687404675
5069,51.28350067138671,46.76765398534802
5070,51.9474983215332,46.895190889749564
5071,51.99349975585937,47.11967272736542
5072,52.63999938964844,47.32455359386618
5073,52.29999923706055,47.66306060354842
5074,51.00199890136719,48.06273333344421
5075,49.38899993896485,47.685668231218216
5076,49.80950164794922,46.894550077089924
5077,49.79449844360352,46.28521012642047
5078,49.34600067138672,45.89163878341193
5079,49.37900161743164,45.590371796632276
5080,49.61349868774414,45.41566075459037
5081,49.492000579833984,45.36954957633803
5082,49.10049819946289,45.3589959081284
5083,47.84600067138672,45.258819578374506
5084,48.39950180053711,44.89052237258627
5085,49.165000915527344,44.53605882397642
5086,49.137001037597656,44.51315964173163
5087,48.90900039672852,44.63661478208318
5088,48.02849960327149,44.74599026608369
5089,47.92350006103516,44.60563710848943
5090,47.66450119018555,44.375807066638416
5091,48.345001220703125,44.07830599311919
5092,47.900001525878906,43.98369349650487
5093,47.622501373291016,43.88142465526999
5094,47.26300048828125,43.78379639102052
5095,47.30099868774414,43.5422889810354
5096,47.70299911499024,43.38384729168386
5097,48.37950134277344,43.34456031270261
5098,49.02999877929688,43.51845135750233
5099,48.91249847412109,43.90654390412233
5100,48.26350021362305,44.23159688497906
5101,48.38999938964844,44.33623460713582
5102,48.9734992980957,44.3401280755228
5103,48.29499816894531,44.469034679021476
5104,48.89799880981445,44.4520607361082
5105,49.12900161743164,44.553005433648295
5106,49.97999954223633,44.703805963513375
5107,49.61050033569336,44.997528975664906
5108,49.339500427246094,45.183868793411754
5109,48.70949935913086,45.24034534421071
5110,48.49300003051758,45.1030595837076
5111,48.66049957275391,44.897932718034184
5112,48.23249816894531,44.73274882913577
5113,47.755001068115234,44.50760795669934
5114,46.98949813842773,44.253982809690775
5115,46.93000030517578,43.883061612727545
5116,47.54349899291992,43.44422338492343
5117,47.81999969482422,43.296830399153656
5118,48.067501068115234,43.329855028826046
5119,47.95949935913086,43.5024249669578
5120,47.85499954223633,43.64596700271611
5121,48.272499084472656,43.72428585042548
5122,49.04249954223633,43.821725819011924
5123,49.479000091552734,44.10083465809158
5124,49.54949951171875,44.45078518484257
5125,49.36000061035156,44.77258854699878
5126,49.75,45.00521265352688
5127,50.04650115966797,45.20877241335967
5128,50.14699935913086,45.456244544025004
5129,50.31700134277344,45.63419609368696
5130,50.45650100708008,45.82946173326636
5131,49.84999847412109,46.01719858335176
5132,49.33050155639648,46.04024354288404
5133,49.14550018310547,45.887292798028334
5134,48.31499862670898,45.61518126874868
5135,48.79499816894531,45.25546062670836
5136,48.64550018310547,44.988682116529745
5137,48.62149810791016,44.790397672288364
5138,55.04750061035156,44.73021291173863
5139,55.54249954223633,46.338303429338694
5140,55.26399993896485,47.64528792258072
5141,55.18399810791016,48.81210451686469
5142,54.71099853515626,49.69540250912213
5143,55.58000183105469,50.12502639754552
5144,56.033000946044915,50.47341892953636
5145,56.15850067138671,50.83036980311418
5146,56.64400100708008,51.19439087513574
5147,56.45650100708008,51.588803474574235
5148,56.267501831054695,51.84156914299191
5149,56.45849990844728,51.91557541261273
5150,56.84199905395508,52.03734196605074
5151,56.33449935913086,52.198182906592386
5152,56.86449813842772,52.2029692608653
5153,56.49399948120117,52.24636230011113
5154,56.315498352050774,52.2813063307356
5155,56.9744987487793,52.2665949728054
5156,57.807998657226555,52.382269250436636
5157,59.29999923706054,52.69053962106993
5158,59.791500091552734,53.289987975377144
5159,59.68000030517578,54.09145935394476
5160,58.063499450683594,54.62861221406032
5161,58.837501525878906,54.67397932074104
5162,58.117500305175774,54.48765165110148
5163,56.6974983215332,54.21191998584891
5164,57.07849884033203,53.79517916520834
5165,57.61750030517578,53.40070582523338
5166,57.98949813842773,53.19143038091987
5167,58.09999847412109,53.2359106757683
5168,58.44599914550781,53.44215516731254
5169,58.25400161743164,53.679887552956785
5170,58.20650100708008,53.830275047173956
5171,58.71300125122071,53.946465619365085
5172,58.95700073242188,54.10126895058278
5173,59.528999328613274,54.294332745715565
5174,59.36899948120117,54.52255923740408
5175,58.88100051879883,54.72473411300562
5176,58.73799896240234,54.789671820533215
5177,58.417999267578125,54.74988676915301
5178,58.8380012512207,54.594961956862406
5179,59.11299896240234,54.53840644336606
5180,59.30500030517579,54.59324299968063
5181,58.4734992980957,54.75962955120092
5182,59.45050048828125,54.73410637778114
5183,60.209999084472656,54.81838387211706
5184,60.47949981689454,55.06813680992641
5185,61.45700073242188,55.408508554077926
5186,62.34349822998046,55.926698218711195
5187,62.6349983215332,56.57478152056059
5188,62.71649932861328,57.1786153416001
5189,63.83399963378907,57.59785867234276
5190,65.26000213623047,58.139154037044776
5191,65.24299621582031,58.91757438202645
5192,64.75,59.649437105812815
5193,64.66600036621094,60.0476520628336
5194,64.72899627685547,60.19102402508983
5195,66.3655014038086,60.32111810607628
5196,68.12699890136719,60.69630025167206
5197,67.87550354003906,61.474708448546444
5198,68.89749908447266,62.20912834891771
5199,70.10250091552734,62.928952298378036
5200,70.88400268554688,63.74303341231439
5201,71.89099884033203,64.61237626632054
5202,72.54450225830078,65.41148483801992
5203,69.5,66.26983972898074
5204,71.49749755859375,66.35692343610104
5205,69.5,66.77897905368172
5206,72.14199829101562,66.39328272122499
5207,70.83899688720703,66.21339962250367
5208,67.5250015258789,65.96839659464537
5209,66.9800033569336,65.4022462024246
5210,69.3115005493164,64.61246130307157
5211,70.72550201416016,64.07653540179247
5212,72.55249786376953,64.29309971048099
5213,73.08799743652344,65.1056501628986
5214,72.43450164794922,66.11331136652764
5215,73.4175033569336,66.84894000357443
5216,74.14600372314453,67.58003739660141
5217,74.26699829101562,68.29677572680966
5218,75.0,68.85329266994813
5219,76.09750366210938,69.38997175387931
5220,75.5989990234375,70.02514769173132
5221,75.62249755859375,70.44126895890001
5222,74.67250061035156,70.74725548536247
5223,75.01249694824219,70.69664039633176
5224,76.18049621582031,70.42748085712398
5225,76.88200378417969,70.38002427598909
5226,77.25,70.7688062276979
5227,77.59300231933594,71.27126409338845
5228,78.94450378417969,71.80341193329984
5229,79.91950225830078,72.55083638252684
5230,79.40899658203125,73.42353211414547
5231,79.55000305175781,74.06730891195998
5232,79.11599731445312,74.47593479692972
5233,78.58399963378906,74.61657343504532
5234,77.24649810791016,74.53228986665576
5235,79.32550048828125,73.9895853215079
5236,79.09300231933594,73.79577441777668
5237,77.24600219726562,73.81700323526887
5238,74.77799987792969,73.56153461297879
5239,77.79299926757812,72.74605646670389
5240,74.85250091552734,72.47763188798726
5241,71.57099914550781,71.9104489066467
5242,72.36699676513672,70.63179379960884
5243,68.59950256347656,69.06078841654342
5244,69.60250091552734,67.0995190126796
5245,70.52850341796875,65.94051061435735
5246,72.5875015258789,65.2681553941392
5247,70.2614974975586,65.63120158055061
5248,70.30400085449219,65.78781497975476
5249,71.81099700927734,65.93772869778755
5250,71.35250091552734,66.35343085525469
5251,72.42500305175781,66.59736484967132
5252,71.53949737548828,67.0209572028244
5253,72.07499694824219,67.19263425507022
5254,75.19149780273438,67.37010595449415
5255,76.39199829101562,68.17621791004717
5256,77.84549713134766,69.24327121022516
5257,76.37449645996094,70.54699393665938
5258,75.89299774169922,71.24077234408638
5259,73.00450134277344,71.52094414255404
5260,73.00849914550781,71.0454429269437
5261,75.89800262451172,70.23907586113754
5262,78.63099670410156,70.11941700431464
5263,78.30650329589844,71.25537436905095
5264,79.11299896240234,72.19929445372063
5265,78.48400115966797,72.97943375588407
5266,78.60399627685547,73.3861888323309
5267,79.04750061035156,73.58643823292671
5268,80.00700378417969,73.72566769059648
5269,79.61949920654297,74.14068348000164
5270,80.4000015258789,74.43970914098598
5271,80.4540023803711,74.82909849805937
5272,80.14550018310547,75.14799238851923
5273,80.0770034790039,75.33958018861607
5274,78.80599975585938,75.45646927697648
5275,79.36399841308594,75.20913988657182
5276,79.08799743652344,74.91828382774112
5277,78.71849822998047,74.7028432189771
5278,79.27300262451172,74.53437934110993
5279,79.06999969482422,74.52835387989326
5280,80.09300231933594,74.50766565317555
5281,80.15350341796875,74.67413116739324
5282,80.50749969482422,74.85674151620155
5283,80.64350128173828,75.12443720848069
5284,81.24449920654297,75.40664988897336
5285,81.48100280761719,75.73180612874206
5286,82.0770034790039,76.07666052448421
5287,83.26349639892578,76.50523360162687
5288,84.81749725341797,77.09625116947366
5289,84.7874984741211,77.96144544483971
5290,84.46499633789062,78.72495398812086
5291,84.19950103759766,79.16640405899268
5292,84.45600128173828,79.32019909730516
5293,84.9375,79.41752973292598
5294,85.24299621582031,79.62535955247179
5295,86.19300079345703,79.9221013692853
5296,85.79850006103516,80.35686390709306
5297,86.18949890136719,80.63828088655812
5298,86.73899841308594,80.7827461784706
5299,87.50399780273438,80.997597604031
5300,86.51100158691406,81.42728223299083
5301,85.78350067138672,81.67446584610799
5302,83.15750122070312,81.6529697702554
5303,84.55449676513672,80.93162123332996
5304,83.02549743652344,80.30375845606754
5305,85.07250213623047,79.68505535170303
5306,84.98999786376953,79.65208538851346
5307,85.68900299072266,79.77073595243115
5308,84.697998046875,79.98715448383216
5309,84.98650360107422,80.04066689645195
5310,85.53150177001953,80.19429186126234
5311,86.95099639892578,80.32759304257378
5312,87.15350341796875,80.7721287326977
5313,87.75,81.26743136319347
5314,89.83100128173828,81.77930401203507
5315,90.65149688720705,82.63509565235735
5316,91.12449645996094,83.5902102178963
5317,92.19650268554688,84.53447044957014
5318,92.14600372314452,85.36278914525232
5319,90.64849853515624,85.97423982956371
5320,90.68499755859376,86.10692145740327
5321,90.0999984741211,86.09082521524182
5322,91.46199798583984,85.81838568706529
5323,93.18049621582033,85.89771890173351
5324,90.4000015258789,86.36739509989752
5325,90.8635025024414,86.3564192849595
5326,88.96099853515625,86.33577965067096
5327,88.87200164794922,85.82586284710331
5328,89.8584976196289,85.17692310368984
5329,91.71649932861328,84.81226121900865
5330,91.16449737548828,85.0068981940357
5331,92.3874969482422,85.33452657363827
5332,93.1240005493164,85.9187229792408
5333,94.32599639892578,86.58716650891103
5334,94.9260025024414,87.39172350673073
5335,94.31500244140624,88.1924356285926
5336,94.80999755859376,88.65837628376441
5337,95.98249816894533,89.13709674780706
5338,94.13099670410156,89.6886511891169
5339,94.32599639892578,89.73641754698772
5340,94.11100006103516,89.601251631207
5341,93.83550262451172,89.38680109318724
5342,94.1709976196289,89.12886640511697
5343,95.24500274658205,89.08090567752947
5344,95.1449966430664,89.26915882217476
5345,95.26950073242188,89.5249007768789
5346,96.38400268554688,89.80368769111531
5347,96.64099884033205,90.24793182666421
5348,99.90499877929688,90.68063526028604
5349,100.11900329589844,91.76350539615778
5350,100.635498046875,92.78005901432432
5351,101.97550201416014,93.66319604416014
5352,99.74099731445312,94.64462948414649
5353,97.91549682617188,94.95261437425843
5354,97.60350036621094,94.51466903234025
5355,96.95050048828124,93.78546066999711
5356,99.35749816894533,93.08498258139876
5357,99.5,92.9816690029368
5358,99.49349975585938,93.12651696022897
5359,98.5094985961914,93.4656435233831
5360,95.40149688720705,93.57984788003203
5361,97.05249786376952,92.88013512219305
5362,96.3209991455078,92.34684536019626
5363,97.21499633789062,91.84709652243173
5364,95.75050354003906,91.7325884631005
5365,96.71800231933594,91.56218088806666
5366,98.72750091552734,91.31918229791148
5367,98.74250030517578,91.63695856250051
5368,100.64900207519533,92.15353252886398
5369,100.1500015258789,93.09702742977845
5370,100.21800231933594,93.80460608708877
5371,98.56549835205078,94.383354066571
5372,97.63800048828124,94.42543511022933
5373,95.47100067138672,94.03052443839188
5374,94.48249816894533,93.0784286775149
5375,93.22100067138672,91.86790623022235
5376,93.51599884033205,90.52733829437251
5377,87.76249694824219,89.51354837061483
5378,85.96800231933594,87.79473696613171
5379,89.43049621582031,85.66339406018459
5380,88.04750061035156,84.48448098806493
5381,90.9980010986328,83.71166092054472
5382,91.58650207519533,83.95233314815354
5383,88.53600311279297,84.60882294024877
5384,88.20149993896484,84.65832040340867
5385,89.46499633789062,84.47101481113212
5386,88.43499755859375,84.4021897092712
5387,83.20999908447266,84.00379253064104
5388,89.1084976196289,82.55670999005788
5389,82.1405029296875,82.58748721988131
5390,76.94400024414062,81.01353592079766
5391,76.52100372314453,78.28920137956884
5392,79.90049743652344,75.71736202917228
5393,83.27649688720703,74.48553180169014
5394,83.27649688720703,74.91966871197238
5395,81.38999938964844,75.88688886642747
5396,82.1405029296875,76.3563706948748
5397,87.77449798583984,76.6743291810732
5398,87.74549865722656,78.15249265416207
5399,85.62149810791016,79.6055216932645
5400,81.84249877929688,80.3511846669342
5401,81.55850219726562,79.85416307925665
5402,79.95050048828125,79.03536242563749
5403,80.97200012207031,78.00228130750064
5404,79.67050170898438,77.18199858479188
5405,75.614501953125,76.12019934101754
5406,74.77300262451172,74.59511380351461
5407,75.83650207519531,72.88893035656118
5408,75.10299682617188,71.8176009226165
5409,79.06649780273438,71.23686065353846
5410,79.07099914550781,71.88606765531233
5411,83.88749694824219,72.59732718913205
5412,83.67849731445312,74.30236263994641
5413,84.50849914550781,75.80510780813998
5414,88.61799621582031,77.16437168111167
5415,83.41999816894531,79.17818772306559
5416,84.95950317382812,79.78962018521604
5417,81.45649719238281,79.88642845222331
5418,82.05149841308594,79.00618267192291
5419,82.16200256347656,78.33665188665007
5420,83.177001953125,77.82645567661473
5421,82.91899871826172,77.93645678814075
5422,79.59549713134766,78.08063052547823
5423,76.04550170898438,77.42418932581216
5424,77.5739974975586,75.8124270427832
5425,74.75399780273438,74.50500521767867
5426,73.04149627685547,73.09657188044396
5427,68.87249755859375,71.63149799296184
5428,67.197998046875,69.51034734903243
5429,73.54499816894531,67.04742185455929
5430,73.08200073242188,66.52315206222654
5431,73.9010009765625,66.49412415985311
5432,75.09850311279297,67.06250980381554
5433,76.95649719238281,68.09273611673885
5434,75.01399993896484,69.22099158145225
5435,78.76950073242188,69.74855351086104
5436,81.47550201416016,70.93965113459423
5437,82.8290023803711,72.56877306294298
5438,82.97100067138672,74.35427757645733
5439,82.81099700927734,75.7367139640879
5440,82.02799987792969,76.57986549877322
5441,80.8604965209961,76.89188963455963
5442,83.72799682617188,76.76967967520548
5443,84.18900299072266,77.1350461501096
5444,84.66100311279297,77.75687131804807
5445,84.80999755859375,78.40517935988235
5446,81.6084976196289,79.0541555476177
5447,82.0009994506836,78.72492361785262
5448,82.74649810791016,78.25757985628863
5449,83.52850341796875,77.95199421736679
5450,81.89450073242188,78.05607312658813
5451,79.69400024414062,77.79505281926576
5452,83.52149963378906,77.02410963432212
5453,85.9365005493164,77.19052048205698
5454,81.3115005493164,78.1764973141704
5455,81.66549682617188,77.954751837722
5456,82.94049835205078,77.40886448846373
5457,82.01300048828125,77.3688364749377
5458,80.71849822998047,77.35780599351686
5459,79.41100311279297,77.04698452035232
5460,79.55000305175781,76.26757410462638
5461,81.90049743652344,75.5908273436223
5462,82.0,75.75689197029935
5463,81.13249969482422,76.15539848189513
5464,80.39749908447266,76.36610740286908
5465,81.37899780273438,76.29816303878678
5466,81.1050033569336,76.300337549992
5467,80.97200012207031,76.28829877566595
5468,81.5780029296875,76.26498655777326
5469,81.6500015258789,76.37054146203053
5470,81.81999969482422,76.58476118601175
5471,82.05449676513672,76.77012915517527
5472,81.99150085449219,76.89159807998463
5473,83.58650207519531,76.99108500464972
5474,84.80850219726562,77.49676211877258
5475,84.62149810791016,78.23800925544175
5476,83.44750213623047,78.82704668180001
5477,81.29750061035156,79.05408265897394
5478,81.04000091552734,78.61990930436983
5479,83.53099822998047,77.84416761704597
5480,83.65499877929688,77.6232360637861
5481,84.54049682617188,77.8213899158741
5482,84.31099700927734,78.38384120942455
5483,85.61799621582031,78.86590240297241
5484,87.10749816894531,79.57759319460096
5485,88.09249877929688,80.27898846529983
5486,89.8635025024414,81.21231540041117
5487,90.96299743652344,82.34863720836624
5488,88.2385025024414,83.44476700334684
5489,88.71299743652344,83.77609448161971
5490,89.18800354003906,83.85639954487127
5491,88.28500366210938,83.93682608919573
5492,88.6709976196289,83.82185640178741
5493,89.0374984741211,83.72736234921919
5494,90.70950317382812,83.81835167283377
5495,90.6989974975586,84.35224276614152
5496,91.03500366210938,84.81454506317948
5497,90.94300079345705,85.28154260368566
5498,91.86399841308594,85.57587302120179
5499,92.49299621582033,85.96983614067048
5500,91.79199981689452,86.38471830089543
5501,92.3665008544922,86.59570055428343
5502,92.20349884033205,86.82491711671621
5503,92.15299987792967,86.97274743434848
5504,92.24349975585938,87.09970122960003
5505,93.1520004272461,87.13480925967293
5506,93.24099731445312,87.32840149747291
5507,93.08450317382812,87.63597942599058
5508,94.3655014038086,87.88185104352024
5509,96.1884994506836,88.22066175588479
5510,95.0875015258789,88.92917581745657
5511,95.1125030517578,89.40745894963672
5512,97.53150177001952,89.84282889280907
5513,96.92150115966795,90.51346515584544
5514,96.32599639892578,90.8606945065631
5515,95.57599639892578,91.02569617385214
5516,95.04100036621094,90.9677497020709
5517,98.1230010986328,90.76053336194332
5518,97.52749633789062,91.26664780792868
5519,96.0500030517578,91.47557095713073
5520,95.88849639892578,91.32825693405836
5521,94.99349975585938,91.11504550298234
5522,94.4990005493164,90.69997504709437
5523,91.13400268554688,90.14266847698194
5524,92.00599670410156,88.89787014496595
5525,93.55750274658205,87.96961504464888
5526,95.37850189208984,87.6639322208687
5527,93.4499969482422,88.13279449584417
5528,92.94850158691406,88.38894341214258
5529,92.8759994506836,88.334981519553
5530,92.98400115966795,88.18496454260823
5531,90.77400207519533,88.07759957036448
5532,91.16400146484376,87.49974447676821
5533,91.82150268554688,87.03484855882347
5534,90.95950317382812,86.87584198248287
5535,90.81600189208984,86.61514967405738
5536,88.75350189208984,86.3222952515772
5537,84.6344985961914,85.65472638563197
5538,86.47799682617188,84.10699070208373
5539,86.92500305175781,82.87948520079743
5540,87.71800231933594,82.17756756148502
5541,90.20149993896484,82.0816825506319
5542,93.03150177001952,82.74781793991671
5543,93.18499755859376,84.16798634879518
5544,92.76599884033205,85.65640889849188
5545,93.51499938964844,86.65701205178446
5546,93.4834976196289,87.41999822645207
5547,94.30149841308594,87.89881587535305
5548,95.06849670410156,88.35983654707175
5549,95.4394989013672,88.97828454118313
5550,95.90950012207033,89.50576750789452
5551,95.56500244140624,90.03139788824393
